********************************************************************************
STREME - Sensitive, Thorough, Rapid, Enriched Motif Elicitation
********************************************************************************
MEME version 5.4.1 (Release date: Sat Aug 21 19:23:23 2021 -0700)

For further information on how to interpret these results please access https://meme-suite.org/meme.
To get a copy of the MEME Suite software please access https://meme-suite.org.

********************************************************************************


********************************************************************************
REFERENCE
********************************************************************************
If you use this program in your research, please cite:

Timothy L. Bailey,
"STREME: accurate and versatile sequence motif discovery",
Bioinformatics, Mar. 24, 2021.
********************************************************************************


ALPHABET= ACGT

strands: + -

Background letter frequencies
A 0.25 C 0.25 G 0.25 T 0.25 

MOTIF 1-CCASHAGRKGGCRSYR STREME-1
letter-probability matrix: alength= 4 w= 16 nsites= 4212 E= 3.2e-096
 0.081300 0.846819 0.028030 0.043851
 0.000009 0.999972 0.000009 0.000009
 0.861227 0.009175 0.043481 0.086117
 0.019388 0.530907 0.440267 0.009437
 0.266474 0.359432 0.031020 0.343075
 0.943145 0.013889 0.016769 0.026197
 0.000009 0.000009 0.999972 0.000009
 0.509934 0.000009 0.490047 0.000009
 0.009961 0.007604 0.618460 0.363976
 0.005247 0.000009 0.993949 0.000795
 0.006818 0.004985 0.939893 0.048303
 0.091098 0.840424 0.000009 0.068468
 0.524599 0.006556 0.450242 0.018603
 0.072549 0.516772 0.312709 0.097970
 0.120161 0.409896 0.060874 0.409069
 0.479813 0.213024 0.247382 0.059781

MOTIF 2-CAAAGGTCA STREME-2
letter-probability matrix: alength= 4 w= 9 nsites= 6209 E= 1.1e-033
 0.015856 0.897389 0.008712 0.078042
 0.825108 0.097102 0.034722 0.043068
 0.716308 0.008705 0.265300 0.009688
 0.929174 0.001503 0.067736 0.001588
 0.000024 0.003597 0.993225 0.003155
 0.016487 0.009571 0.670073 0.303869
 0.055714 0.120208 0.115538 0.708540
 0.001236 0.937719 0.012532 0.048513
 0.925249 0.011048 0.030881 0.032822

MOTIF 3-WRARYAAAYANW STREME-3
letter-probability matrix: alength= 4 w= 12 nsites= 4650 E= 1.2e-022
 0.488488 0.129417 0.000011 0.382084
 0.494674 0.108418 0.253505 0.143403
 0.586399 0.000011 0.197320 0.216270
 0.432271 0.072516 0.494891 0.000322
 0.000011 0.510515 0.000011 0.489463
 0.999966 0.000011 0.000011 0.000011
 0.999966 0.000011 0.000011 0.000011
 0.999966 0.000011 0.000011 0.000011
 0.000011 0.602084 0.000011 0.397894
 0.916077 0.071420 0.012491 0.000011
 0.371825 0.210991 0.191627 0.225557
 0.384585 0.157743 0.169303 0.288369

MOTIF 4-TAATCATTAACYAA STREME-4
letter-probability matrix: alength= 4 w= 14 nsites= 948 E= 6.6e-011
 0.095866 0.213478 0.040265 0.650391
 0.940722 0.000043 0.036716 0.022520
 0.909473 0.043122 0.000043 0.047363
 0.104046 0.041448 0.001226 0.853281
 0.147817 0.488426 0.180350 0.183408
 0.898134 0.000043 0.013056 0.088768
 0.075755 0.021337 0.045488 0.857421
 0.000043 0.049729 0.003592 0.946637
 0.786441 0.011181 0.074572 0.127807
 0.937173 0.026069 0.026069 0.010690
 0.065699 0.710334 0.021337 0.202630
 0.187247 0.378016 0.013056 0.421682
 0.595286 0.160931 0.065108 0.178676
 0.548658 0.125441 0.203519 0.122383

MOTIF 5-RTTRCGYAAY STREME-5
letter-probability matrix: alength= 4 w= 10 nsites= 2400 E= 6.6e-011
 0.554122 0.122957 0.313034 0.009887
 0.000044 0.000044 0.001506 0.998406
 0.001951 0.013887 0.000044 0.984118
 0.276444 0.006638 0.496091 0.220827
 0.108386 0.587979 0.058952 0.244683
 0.244683 0.058952 0.587979 0.108386
 0.220827 0.496091 0.006638 0.276444
 0.984118 0.000044 0.013887 0.001951
 0.998406 0.001506 0.000044 0.000044
 0.009887 0.313034 0.122957 0.554122

MOTIF 6-CCTKTAAYYCCAGYWC STREME-6
letter-probability matrix: alength= 4 w= 16 nsites= 594 E= 3.0e-010
 0.040566 0.643037 0.040566 0.275831
 0.013568 0.873646 0.000070 0.112717
 0.023210 0.007783 0.000070 0.968937
 0.077205 0.054065 0.549664 0.319066
 0.017425 0.096489 0.032852 0.853233
 0.866732 0.028995 0.100346 0.003926
 0.918799 0.000070 0.065635 0.015497
 0.021282 0.425119 0.000070 0.553530
 0.005855 0.596755 0.017425 0.379965
 0.013568 0.828164 0.000070 0.158198
 0.000070 0.851304 0.001998 0.146628
 0.959295 0.000070 0.030924 0.009712
 0.082990 0.000070 0.899515 0.017425
 0.038637 0.612182 0.027067 0.322113
 0.502264 0.090704 0.046351 0.360681
 0.023210 0.776098 0.061778 0.138914

MOTIF 7-CCCCACCCCC STREME-7
letter-probability matrix: alength= 4 w= 10 nsites= 1012 E= 1.3e-008
 0.008198 0.957310 0.000336 0.034156
 0.000915 0.958931 0.001106 0.039047
 0.001549 0.985765 0.000623 0.012064
 0.051547 0.924743 0.012600 0.011110
 0.721562 0.032205 0.109815 0.136418
 0.024983 0.951015 0.016416 0.007586
 0.018359 0.975274 0.003273 0.003094
 0.014152 0.958880 0.005854 0.021114
 0.044021 0.923760 0.004522 0.027698
 0.044523 0.852383 0.051753 0.051341

MOTIF 8-RAGGTCAY STREME-8
letter-probability matrix: alength= 4 w= 8 nsites= 3240 E= 6.3e-008
 0.399981 0.148552 0.304751 0.146717
 0.981559 0.018167 0.000137 0.000137
 0.000137 0.007034 0.847399 0.145430
 0.000137 0.000137 0.999588 0.000137
 0.000137 0.000137 0.000137 0.999588
 0.000137 0.999588 0.000137 0.000137
 0.991055 0.000137 0.008671 0.000137
 0.051349 0.472570 0.176099 0.299982

MOTIF 9-AGTTCMAGGMCAGCCWGGGC STREME-9
letter-probability matrix: alength= 4 w= 20 nsites= 393 E= 6.1e-007
 0.939093 0.015254 0.030399 0.015254
 0.072804 0.000109 0.917891 0.009196
 0.021312 0.063717 0.015254 0.899717
 0.000109 0.042514 0.009196 0.948180
 0.012225 0.766443 0.030399 0.190933
 0.263628 0.496866 0.203050 0.036457
 0.969383 0.000109 0.018283 0.012225
 0.060688 0.000109 0.926978 0.012225
 0.054630 0.006167 0.930007 0.009196
 0.339361 0.484742 0.039485 0.136412
 0.024341 0.899717 0.015254 0.060688
 0.957267 0.009196 0.000109 0.033428
 0.078862 0.012225 0.872457 0.036457
 0.036457 0.833080 0.015254 0.115209
 0.036457 0.854283 0.012225 0.097035
 0.430230 0.033428 0.036457 0.499886
 0.169730 0.006167 0.775531 0.048572
 0.151556 0.003138 0.817936 0.027370
 0.133383 0.069775 0.554416 0.242426
 0.024341 0.775530 0.039485 0.160644

MOTIF 10-AAATCAATAN STREME-10
letter-probability matrix: alength= 4 w= 10 nsites= 948 E= 8.2e-007
 0.531544 0.172458 0.172631 0.123367
 0.648649 0.016585 0.321660 0.013106
 0.938571 0.000072 0.061284 0.000072
 0.000072 0.000072 0.000072 0.999783
 0.003432 0.996423 0.000072 0.000072
 0.741288 0.000072 0.258568 0.000072
 0.999783 0.000072 0.000072 0.000072
 0.003157 0.000072 0.000072 0.996699
 0.625826 0.132980 0.165687 0.075508
 0.239855 0.313517 0.216641 0.229988

MOTIF 11-CTGAGCCATCTCYCCAGCCC STREME-11
letter-probability matrix: alength= 4 w= 20 nsites= 382 E= 8.0e-006
 0.024545 0.872040 0.038126 0.065289
 0.046275 0.048992 0.013680 0.891054
 0.122332 0.021828 0.831295 0.024545
 0.945380 0.013680 0.027261 0.013680
 0.087020 0.021828 0.888337 0.002814
 0.005531 0.915501 0.010963 0.068006
 0.008247 0.855742 0.016396 0.119615
 0.866607 0.043559 0.062573 0.027261
 0.048992 0.133197 0.040843 0.776969
 0.097885 0.809565 0.035410 0.057140
 0.032694 0.062573 0.057140 0.847593
 0.032694 0.817713 0.013680 0.135913
 0.141347 0.260863 0.081587 0.516202
 0.054424 0.820430 0.035410 0.089736
 0.068006 0.673749 0.016396 0.241849
 0.763387 0.040843 0.141346 0.054424
 0.076155 0.024545 0.874756 0.024545
 0.038126 0.806848 0.032694 0.122332
 0.051708 0.763387 0.019112 0.165793
 0.070722 0.747089 0.027261 0.154928

MOTIF 12-WWCCCAG STREME-12
letter-probability matrix: alength= 4 w= 7 nsites= 9468 E= 1.1e-005
 0.556975 0.000165 0.118720 0.324139
 0.569776 0.000165 0.000165 0.429894
 0.000165 0.999505 0.000165 0.000165
 0.000165 0.840759 0.000165 0.158911
 0.000165 0.972414 0.000165 0.027256
 0.557190 0.147201 0.156716 0.138893
 0.000165 0.000165 0.999505 0.000165

MOTIF 13-GGCTCACAACCATCTGTAA STREME-13
letter-probability matrix: alength= 4 w= 19 nsites= 207 E= 1.3e-004
 0.189076 0.030680 0.761747 0.018496
 0.042865 0.012404 0.926235 0.018496
 0.012404 0.932327 0.024588 0.030680
 0.006312 0.000220 0.006312 0.987157
 0.012404 0.944512 0.012404 0.030680
 0.956696 0.018496 0.006312 0.018496
 0.012404 0.834853 0.030680 0.122062
 0.859222 0.018496 0.085510 0.036772
 0.865314 0.018496 0.103786 0.012404
 0.024588 0.859222 0.030680 0.085510
 0.030680 0.877498 0.006312 0.085510
 0.834853 0.042865 0.097694 0.024588
 0.012404 0.201261 0.006312 0.780023
 0.030680 0.877498 0.036772 0.055049
 0.012404 0.091602 0.030680 0.865313
 0.237813 0.048957 0.670366 0.042865
 0.067233 0.036772 0.036772 0.859222
 0.859222 0.036772 0.048957 0.055049
 0.871406 0.055049 0.036772 0.036772

MOTIF 14-ACCATGTGGKTGCTGG STREME-14
letter-probability matrix: alength= 4 w= 16 nsites= 199 E= 1.3e-004
 0.742787 0.000197 0.202218 0.054797
 0.000197 0.857448 0.005657 0.136698
 0.011117 0.928429 0.000197 0.060257
 0.868368 0.022037 0.098478 0.011117
 0.027497 0.142158 0.016577 0.813768
 0.043877 0.000197 0.950269 0.005657
 0.000197 0.000197 0.005657 0.993949
 0.076638 0.000197 0.912049 0.011117
 0.054797 0.038417 0.906588 0.000197
 0.076638 0.065717 0.289579 0.568066
 0.027497 0.011117 0.027497 0.933889
 0.065717 0.153078 0.688186 0.093018
 0.011117 0.846528 0.022037 0.120318
 0.049337 0.016577 0.011117 0.922969
 0.131238 0.038418 0.802847 0.027497
 0.060258 0.022037 0.901128 0.016577

MOTIF 15-ACACACACACACACACAC STREME-15
letter-probability matrix: alength= 4 w= 18 nsites= 790 E= 2.6e-004
 0.698672 0.000075 0.297045 0.004208
 0.000075 0.883662 0.000075 0.116188
 0.895485 0.024972 0.070783 0.008761
 0.000075 0.669255 0.138978 0.191693
 0.792690 0.010409 0.157555 0.039345
 0.012476 0.898101 0.000075 0.089349
 0.848036 0.047613 0.073273 0.031078
 0.042271 0.541797 0.163051 0.252881
 0.745106 0.004208 0.175318 0.075368
 0.000075 0.858370 0.027802 0.113753
 0.864571 0.033145 0.071207 0.031078
 0.067073 0.653969 0.102672 0.176286
 0.731517 0.020743 0.224325 0.023414
 0.021900 0.797067 0.080683 0.100350
 0.866484 0.044337 0.025735 0.063444
 0.098751 0.586480 0.182232 0.132537
 0.753632 0.004597 0.189104 0.052666
 0.144675 0.752030 0.003104 0.100190

MOTIF 16-ACTTGGCA STREME-16
letter-probability matrix: alength= 4 w= 8 nsites= 4559 E= 3.1e-004
 0.653219 0.182316 0.040398 0.124066
 0.000140 0.927606 0.052692 0.019562
 0.000140 0.017622 0.136118 0.846120
 0.000140 0.000675 0.058487 0.940699
 0.003237 0.006236 0.990387 0.000140
 0.000140 0.007360 0.992361 0.000140
 0.066311 0.821976 0.105084 0.006629
 0.715129 0.051085 0.009220 0.224566

MOTIF 17-AGGACTTTGDAC STREME-17
letter-probability matrix: alength= 4 w= 12 nsites= 1108 E= 1.0e-003
 0.677876 0.005848 0.203082 0.113194
 0.102357 0.023749 0.727680 0.146213
 0.003526 0.045132 0.796936 0.154406
 0.932124 0.000042 0.025397 0.042437
 0.027001 0.958016 0.013298 0.001685
 0.016584 0.115845 0.017943 0.849628
 0.125367 0.004317 0.066829 0.803487
 0.011001 0.013977 0.016102 0.958920
 0.150200 0.007009 0.824292 0.018498
 0.248571 0.072210 0.279239 0.399980
 0.519068 0.150090 0.104407 0.226436
 0.187350 0.654358 0.035616 0.122676

MOTIF 18-ATGCAGTGCCCRYRGAGG STREME-18
letter-probability matrix: alength= 4 w= 18 nsites= 156 E= 9.2e-003
 0.656724 0.000257 0.307084 0.035935
 0.028799 0.043070 0.007393 0.920738
 0.050206 0.000257 0.942144 0.007393
 0.007393 0.870789 0.000257 0.121561
 0.956415 0.028799 0.014528 0.000257
 0.114425 0.028799 0.856518 0.000257
 0.007393 0.000257 0.000257 0.992092
 0.285677 0.028799 0.585369 0.100154
 0.014528 0.984957 0.000257 0.000257
 0.035935 0.799434 0.000257 0.164374
 0.000257 0.706673 0.000257 0.292813
 0.563963 0.085883 0.285677 0.064477
 0.178645 0.478336 0.028799 0.314220
 0.492607 0.014528 0.492607 0.000257
 0.100154 0.007393 0.856518 0.035935
 0.735215 0.114425 0.043070 0.107290
 0.150103 0.007393 0.785163 0.057341
 0.142967 0.007393 0.849383 0.000257

MOTIF 19-GAGGGAGRGAGGRAGRGRR STREME-19
letter-probability matrix: alength= 4 w= 19 nsites= 1003 E= 9.3e-003
 0.245129 0.011270 0.717012 0.026589
 0.849770 0.070501 0.079692 0.000037
 0.006164 0.003100 0.944744 0.045992
 0.295064 0.035182 0.669717 0.000037
 0.261893 0.121562 0.585872 0.030673
 0.821176 0.044970 0.056204 0.077650
 0.184280 0.008207 0.806455 0.001058
 0.328853 0.063352 0.563845 0.043949
 0.258108 0.107265 0.579444 0.055183
 0.674121 0.068459 0.223684 0.033737
 0.231854 0.005143 0.702715 0.060289
 0.281844 0.112371 0.605748 0.000037
 0.345487 0.101334 0.544973 0.008207
 0.633272 0.067437 0.237981 0.061310
 0.235939 0.048034 0.656760 0.059268
 0.395931 0.044970 0.497788 0.061310
 0.277763 0.038843 0.653741 0.029652
 0.558885 0.124721 0.306146 0.010249
 0.321252 0.045542 0.609246 0.023960

MOTIF 20-GAGGCAGAGGCAG STREME-20
letter-probability matrix: alength= 4 w= 13 nsites= 497 E= 2.2e-002
 0.101906 0.000103 0.896705 0.001286
 0.936149 0.045567 0.009081 0.009204
 0.041192 0.000103 0.950051 0.008654
 0.123669 0.043496 0.805896 0.026940
 0.000103 0.888588 0.066084 0.045225
 0.803906 0.017205 0.075053 0.103836
 0.055710 0.007736 0.920658 0.015896
 0.816568 0.069553 0.080223 0.033656
 0.070971 0.008654 0.917422 0.002953
 0.147461 0.062403 0.762012 0.028124
 0.055710 0.835839 0.041362 0.067088
 0.876959 0.059477 0.059070 0.004494
 0.050842 0.004886 0.921366 0.022906

MOTIF 21-CACWGTG STREME-21
letter-probability matrix: alength= 4 w= 7 nsites= 1861 E= 2.5e-002
 0.022727 0.931818 0.022727 0.022727
 0.931818 0.022727 0.022727 0.022727
 0.022727 0.931818 0.022727 0.022727
 0.477273 0.022727 0.022727 0.477273
 0.022727 0.022727 0.931818 0.022727
 0.022727 0.022727 0.022727 0.931818
 0.022727 0.022727 0.931818 0.022727

MOTIF 22-AAAAMAAAAMAAAA STREME-22
letter-probability matrix: alength= 4 w= 14 nsites= 403 E= 2.9e-002
 0.979345 0.000150 0.000150 0.020355
 0.975709 0.000150 0.000150 0.023991
 0.858707 0.000150 0.102487 0.038656
 0.764481 0.000150 0.140992 0.094378
 0.421679 0.344504 0.161810 0.072007
 0.963444 0.000150 0.036256 0.000150
 0.995397 0.000150 0.000150 0.004303
 0.950922 0.000150 0.048779 0.000150
 0.999551 0.000150 0.000150 0.000150
 0.526321 0.373657 0.000150 0.099872
 0.747672 0.149075 0.071564 0.031689
 0.900342 0.033671 0.065838 0.000150
 0.999551 0.000150 0.000150 0.000150
 0.923379 0.076322 0.000150 0.000150

MOTIF 23-AGGGCAGAGRT STREME-23
letter-probability matrix: alength= 4 w= 11 nsites= 720 E= 5.9e-002
 0.687116 0.104019 0.056065 0.152799
 0.084513 0.000111 0.900550 0.014826
 0.000111 0.033616 0.966161 0.000111
 0.013597 0.000111 0.852461 0.133831
 0.165094 0.746980 0.000111 0.087814
 0.984263 0.015515 0.000111 0.000111
 0.172909 0.000111 0.710210 0.116770
 0.684528 0.209378 0.000111 0.105983
 0.000111 0.012434 0.987344 0.000111
 0.521540 0.000111 0.354757 0.123592
 0.000111 0.119844 0.199056 0.680988

MOTIF 24-TTCCWGGAA STREME-24
letter-probability matrix: alength= 4 w= 9 nsites= 237 E= 1.2e-001
 0.000779 0.000779 0.000779 0.997662
 0.000779 0.000779 0.000779 0.997662
 0.000779 0.997662 0.000779 0.000779
 0.000779 0.846446 0.026139 0.126636
 0.499221 0.000779 0.000779 0.499221
 0.126636 0.026139 0.846446 0.000779
 0.000779 0.000779 0.997662 0.000779
 0.997662 0.000779 0.000779 0.000779
 0.997662 0.000779 0.000779 0.000779

MOTIF 25-CTCCAGTTCCAGGGGATC STREME-25
letter-probability matrix: alength= 4 w= 18 nsites= 177 E= 1.3e-001
 0.047231 0.828921 0.076618 0.047231
 0.058986 0.029599 0.011967 0.899449
 0.029599 0.823043 0.041353 0.106004
 0.035476 0.811289 0.000212 0.153023
 0.911204 0.041354 0.017844 0.029599
 0.082495 0.035476 0.875940 0.006089
 0.000212 0.241184 0.047231 0.711373
 0.000212 0.135391 0.000212 0.864185
 0.006089 0.793656 0.029599 0.170655
 0.000212 0.881817 0.023721 0.094250
 0.911204 0.006089 0.029599 0.053108
 0.182410 0.000212 0.776024 0.041353
 0.117759 0.006089 0.870062 0.006089
 0.147146 0.017844 0.746637 0.088372
 0.252939 0.041353 0.676109 0.029599
 0.840675 0.064863 0.058986 0.035476
 0.041353 0.058986 0.011967 0.887694
 0.058986 0.834798 0.070740 0.035476

MOTIF 26-TGGGGACA STREME-26
letter-probability matrix: alength= 4 w= 8 nsites= 270 E= 2.0e-001
 0.022727 0.022727 0.022727 0.931818
 0.022727 0.022727 0.931818 0.022727
 0.022727 0.022727 0.931818 0.022727
 0.022727 0.022727 0.931818 0.022727
 0.022727 0.022727 0.931818 0.022727
 0.931818 0.022727 0.022727 0.022727
 0.022727 0.931818 0.022727 0.022727
 0.931818 0.022727 0.022727 0.022727

MOTIF 27-CTCTGTCCC STREME-27
letter-probability matrix: alength= 4 w= 9 nsites= 1390 E= 2.4e-001
 0.000336 0.963434 0.035894 0.000336
 0.132388 0.034195 0.118042 0.715375
 0.011217 0.747667 0.079164 0.161952
 0.000336 0.019262 0.026377 0.954025
 0.000336 0.000336 0.998992 0.000336
 0.311688 0.000336 0.000336 0.687640
 0.000336 0.998992 0.000336 0.000336
 0.000336 0.930646 0.068682 0.000336
 0.000336 0.888470 0.026020 0.085174

MOTIF 28-TGWTGMAAY STREME-28
letter-probability matrix: alength= 4 w= 9 nsites= 470 E= 2.7e-001
 0.000201 0.025390 0.000201 0.974208
 0.000201 0.000201 0.999396 0.000201
 0.630388 0.000201 0.000201 0.369209
 0.031523 0.256723 0.000201 0.711553
 0.000201 0.000201 0.999396 0.000201
 0.292882 0.527731 0.000201 0.179185
 0.999396 0.000201 0.000201 0.000201
 0.999396 0.000201 0.000201 0.000201
 0.000201 0.371325 0.038478 0.589995

MOTIF 29-AGCCWGGKCTACA STREME-29
letter-probability matrix: alength= 4 w= 13 nsites= 110 E= 3.8e-001
 0.939638 0.000356 0.059649 0.000356
 0.000356 0.000356 0.998931 0.000356
 0.000356 0.939639 0.020120 0.039885
 0.000356 0.961082 0.000356 0.038205
 0.574927 0.000356 0.000356 0.424360
 0.000356 0.000356 0.969285 0.030002
 0.077734 0.000356 0.872143 0.049767
 0.162571 0.014340 0.537822 0.285267
 0.000356 0.998931 0.000356 0.000356
 0.040805 0.063750 0.000356 0.895089
 0.875325 0.043986 0.056467 0.024222
 0.024222 0.905891 0.030002 0.039885
 0.993589 0.000356 0.000356 0.005698

MOTIF 30-CCACRCCC STREME-30
letter-probability matrix: alength= 4 w= 8 nsites= 479 E= 5.2e-001
 0.000722 0.997835 0.000722 0.000722
 0.000722 0.994441 0.004116 0.000722
 0.996825 0.000722 0.001732 0.000722
 0.000722 0.997835 0.000722 0.000722
 0.501060 0.000722 0.497497 0.000722
 0.000722 0.997835 0.000722 0.000722
 0.000722 0.997835 0.000722 0.000722
 0.000722 0.997835 0.000722 0.000722

MOTIF 31-AGAGCACTGRCTGCTCTTC STREME-31
letter-probability matrix: alength= 4 w= 19 nsites= 183 E= 6.3e-001
 0.908031 0.000206 0.040172 0.051591
 0.091557 0.045882 0.850936 0.011625
 0.987963 0.000206 0.011625 0.000206
 0.074429 0.005915 0.919450 0.000206
 0.011625 0.925159 0.000206 0.063010
 0.936578 0.017334 0.028753 0.017334
 0.005915 0.959416 0.017334 0.017334
 0.063010 0.040172 0.057301 0.839517
 0.045882 0.023044 0.725328 0.205747
 0.359918 0.051591 0.565447 0.023044
 0.028753 0.850936 0.023044 0.097267
 0.028753 0.034463 0.017334 0.919450
 0.091557 0.011625 0.885193 0.011625
 0.028753 0.788132 0.023044 0.160071
 0.017334 0.017334 0.011625 0.953707
 0.028753 0.839517 0.034463 0.097267
 0.023044 0.074429 0.017334 0.885193
 0.000206 0.125814 0.074429 0.799551
 0.068719 0.702490 0.142943 0.085848

MOTIF 32-AAAGCAAAGC STREME-32
letter-probability matrix: alength= 4 w= 10 nsites= 1975 E= 8.0e-001
 0.756994 0.042617 0.142222 0.058167
 0.895921 0.015889 0.014757 0.073432
 0.871063 0.064600 0.036664 0.027673
 0.032276 0.115246 0.744186 0.108293
 0.013161 0.876464 0.095083 0.015292
 0.774858 0.062859 0.124482 0.037800
 0.940015 0.013780 0.010244 0.035961
 0.730570 0.090205 0.077251 0.101973
 0.119773 0.113350 0.720631 0.046246
 0.055373 0.730518 0.087210 0.126899

MOTIF 33-AAGCAAGCA STREME-33
letter-probability matrix: alength= 4 w= 9 nsites= 1159 E= 1.0e+000
 0.870997 0.092765 0.010794 0.025445
 0.868799 0.012235 0.079212 0.039755
 0.026861 0.010264 0.956454 0.006420
 0.045334 0.940465 0.009364 0.004837
 0.914527 0.073734 0.011270 0.000468
 0.901705 0.065542 0.004630 0.028123
 0.062927 0.004598 0.839377 0.093098
 0.031907 0.952684 0.012590 0.002819
 0.799637 0.081388 0.078467 0.040508

MOTIF 34-GAGGCGGGGC STREME-34
letter-probability matrix: alength= 4 w= 10 nsites= 288 E= 6.5e+000
 0.055968 0.029924 0.903811 0.010296
 0.950920 0.048363 0.000358 0.000358
 0.000358 0.138028 0.838402 0.023211
 0.000358 0.028092 0.971191 0.000358
 0.066961 0.843276 0.000358 0.089405
 0.000358 0.059295 0.826793 0.113553
 0.021779 0.010296 0.888818 0.079106
 0.036083 0.076000 0.887559 0.000358
 0.026094 0.042012 0.921597 0.010296
 0.000358 0.924306 0.000358 0.074977

MOTIF 35-GATCCTCCTGCCT STREME-35
letter-probability matrix: alength= 4 w= 13 nsites= 80 E= 8.2e+000
 0.014770 0.043283 0.927177 0.014770
 0.927175 0.071796 0.000514 0.000514
 0.000514 0.057539 0.000514 0.941432
 0.000514 0.998457 0.000514 0.000514
 0.000514 0.969945 0.000514 0.029026
 0.200102 0.000514 0.057539 0.741845
 0.000514 0.941433 0.000514 0.057539
 0.000514 0.813125 0.000514 0.185846
 0.000514 0.000514 0.000514 0.998457
 0.086051 0.000514 0.898665 0.014770
 0.000514 0.927177 0.014770 0.057539
 0.014770 0.841639 0.014770 0.128821
 0.071795 0.071795 0.014770 0.841639

MOTIF 36-AGATAAGAA STREME-36
letter-probability matrix: alength= 4 w= 9 nsites= 585 E= 1.8e+001
 0.946366 0.018367 0.000403 0.034863
 0.000403 0.000403 0.982685 0.016509
 0.964934 0.000403 0.034260 0.000403
 0.000403 0.000403 0.000403 0.998791
 0.966393 0.000403 0.000403 0.032801
 0.948120 0.000403 0.051074 0.000403
 0.000403 0.068099 0.931095 0.000403
 0.615967 0.092973 0.290656 0.000403
 0.537751 0.000403 0.265293 0.196553

********************************************************************************
Stopped because 3 consecutive motifs exceeded the p-value threshold (0.05).
********************************************************************************
COMMAND:	streme --verbosity 1 --oc /ocean/projects/bio230007p/sujathab/Motif_analysis/output/meme_chip_mouse_specific_enhancer/streme_out -dna --p /ocean/projects/bio230007p/sujathab/Motif_analysis/output/meme_chip_mouse_specific_enhancer/seqs-centered --minw 6 --maxw 20 --order 2
********************************************************************************
CPU:		r025.ib.bridges2.psc.edu
********************************************************************************
FINALTIME:	9517.87 seconds
********************************************************************************
