********************************************************************************
STREME - Sensitive, Thorough, Rapid, Enriched Motif Elicitation
********************************************************************************
MEME version 5.4.1 (Release date: Sat Aug 21 19:23:23 2021 -0700)

For further information on how to interpret these results please access https://meme-suite.org/meme.
To get a copy of the MEME Suite software please access https://meme-suite.org.

********************************************************************************


********************************************************************************
REFERENCE
********************************************************************************
If you use this program in your research, please cite:

Timothy L. Bailey,
"STREME: accurate and versatile sequence motif discovery",
Bioinformatics, Mar. 24, 2021.
********************************************************************************


ALPHABET= ACGT

strands: + -

Background letter frequencies
A 0.245 C 0.255 G 0.255 T 0.245 

MOTIF 1-CCASYAGRKGGCRSYVKW STREME-1
letter-probability matrix: alength= 4 w= 18 nsites= 1666 E= 1.3e-042
 0.109584 0.813809 0.032364 0.044243
 0.000023 0.999929 0.000024 0.000023
 0.869908 0.003324 0.054804 0.071964
 0.023123 0.632307 0.334646 0.009923
 0.140604 0.399327 0.039624 0.420445
 0.917428 0.011904 0.037644 0.033023
 0.000023 0.000024 0.999929 0.000023
 0.433646 0.000024 0.566307 0.000023
 0.010583 0.009264 0.521427 0.458726
 0.002003 0.000024 0.997949 0.000023
 0.005303 0.007944 0.900269 0.086484
 0.071964 0.869249 0.005964 0.052824
 0.553107 0.004644 0.426386 0.015863
 0.091764 0.468626 0.411867 0.027743
 0.108264 0.369627 0.073944 0.448165
 0.437606 0.236305 0.273925 0.052163
 0.170964 0.180865 0.275906 0.372265
 0.355106 0.161725 0.172945 0.310224

MOTIF 2-CCCCRCCCCCMCCCC STREME-2
letter-probability matrix: alength= 4 w= 15 nsites= 268 E= 4.4e-003
 0.015945 0.855514 0.000145 0.128396
 0.011994 0.979818 0.008048 0.000140
 0.039653 0.912645 0.047562 0.000140
 0.035703 0.873131 0.015951 0.075216
 0.434802 0.140476 0.250722 0.174000
 0.031751 0.873131 0.000145 0.094973
 0.000140 0.983770 0.000145 0.015945
 0.019897 0.964013 0.015951 0.000140
 0.011994 0.912645 0.067318 0.008043
 0.055460 0.813860 0.063367 0.067313
 0.369268 0.389413 0.118687 0.122632
 0.111846 0.682397 0.075221 0.130535
 0.000140 0.790153 0.114735 0.094972
 0.036770 0.816743 0.000145 0.146342
 0.110780 0.721612 0.106558 0.061050

MOTIF 3-CMAAGGTCA STREME-3
letter-probability matrix: alength= 4 w= 9 nsites= 552 E= 2.1e-001
 0.000254 0.841878 0.000264 0.157604
 0.486770 0.309967 0.083773 0.119490
 0.857505 0.034586 0.033395 0.074514
 0.966185 0.013191 0.020369 0.000254
 0.000254 0.000264 0.975258 0.024224
 0.000254 0.000264 0.907354 0.092128
 0.092977 0.041772 0.042999 0.822252
 0.000254 0.856614 0.031758 0.111374
 0.968888 0.000264 0.030594 0.000254

MOTIF 4-CACTAGAGGG STREME-4
letter-probability matrix: alength= 4 w= 10 nsites= 67 E= 2.8e-001
 0.131074 0.867600 0.000676 0.000651
 0.988060 0.000676 0.010614 0.000651
 0.008281 0.779964 0.211104 0.000651
 0.000651 0.000676 0.092611 0.906063
 0.997998 0.000676 0.000676 0.000651
 0.189793 0.000676 0.753721 0.055811
 0.820861 0.081854 0.078247 0.019037
 0.019037 0.000676 0.828750 0.151537
 0.000651 0.000676 0.988085 0.010589
 0.068280 0.000676 0.912007 0.019037

MOTIF 5-AGGAAA STREME-5
letter-probability matrix: alength= 4 w= 6 nsites= 909 E= 3.2e-001
 0.931391 0.023155 0.023155 0.022300
 0.022300 0.023155 0.932245 0.022300
 0.022300 0.023155 0.932245 0.022300
 0.931391 0.023155 0.023155 0.022300
 0.931391 0.023155 0.023155 0.022300
 0.931391 0.023155 0.023155 0.022300

MOTIF 6-CCCTCCCTCCCCC STREME-6
letter-probability matrix: alength= 4 w= 13 nsites= 87 E= 3.4e-001
 0.018228 0.879288 0.050733 0.051751
 0.025580 0.923242 0.013030 0.038148
 0.025581 0.860397 0.000462 0.113560
 0.050716 0.018245 0.093654 0.837385
 0.038148 0.826745 0.038165 0.096942
 0.013013 0.948378 0.025597 0.013013
 0.038148 0.885539 0.025597 0.050716
 0.100988 0.000462 0.013030 0.885521
 0.013013 0.842618 0.055950 0.088420
 0.055931 0.905458 0.025597 0.013013
 0.050717 0.892890 0.050733 0.005660
 0.055931 0.649718 0.038165 0.256186
 0.050717 0.847832 0.063302 0.038149

MOTIF 7-AAAGAAAGAAAAA STREME-7
letter-probability matrix: alength= 4 w= 13 nsites= 133 E= 4.3e-001
 0.870634 0.051275 0.049690 0.028401
 0.910660 0.020181 0.023597 0.045562
 0.883862 0.033227 0.057927 0.024985
 0.155084 0.008534 0.799750 0.036632
 0.966179 0.008534 0.008534 0.016754
 0.904113 0.024996 0.045907 0.024985
 0.916793 0.008534 0.066151 0.008522
 0.321575 0.008534 0.653138 0.016754
 0.775918 0.033227 0.149408 0.041447
 0.931670 0.016765 0.018350 0.033216
 0.889374 0.008534 0.044182 0.057910
 0.785330 0.033227 0.148228 0.033216
 0.845816 0.053105 0.059632 0.041447

MOTIF 8-AGACACKG STREME-8
letter-probability matrix: alength= 4 w= 8 nsites= 91 E= 4.6e-001
 0.948421 0.048224 0.001709 0.001646
 0.001646 0.001709 0.994999 0.001646
 0.994935 0.001709 0.001709 0.001646
 0.001646 0.994999 0.001709 0.001646
 0.909132 0.001709 0.087513 0.001646
 0.001646 0.994999 0.001709 0.001646
 0.001646 0.014984 0.342508 0.640861
 0.001646 0.001709 0.994999 0.001646

MOTIF 9-DTTAATNATTAAH STREME-9
letter-probability matrix: alength= 4 w= 13 nsites= 154 E= 5.1e-001
 0.256296 0.049592 0.447127 0.246985
 0.033133 0.016692 0.090438 0.859737
 0.158154 0.070698 0.043012 0.728136
 0.945278 0.014767 0.010112 0.029843
 0.857813 0.069332 0.023272 0.049583
 0.169389 0.006822 0.003532 0.820257
 0.253565 0.246435 0.246435 0.253565
 0.820257 0.003532 0.006822 0.169389
 0.049583 0.023272 0.069332 0.857813
 0.029843 0.010112 0.014767 0.945278
 0.728136 0.043012 0.070698 0.158154
 0.859737 0.090438 0.016692 0.033133
 0.246985 0.447127 0.049592 0.256296

MOTIF 10-CCCCACCCCTT STREME-10
letter-probability matrix: alength= 4 w= 11 nsites= 91 E= 5.8e-001
 0.022183 0.900413 0.043638 0.033767
 0.043607 0.933423 0.000787 0.022183
 0.000758 0.933423 0.043636 0.022183
 0.022183 0.911999 0.043636 0.022183
 0.826253 0.022212 0.086497 0.065038
 0.000758 0.943267 0.022212 0.033763
 0.022183 0.890562 0.000787 0.086468
 0.009649 0.945956 0.022212 0.022183
 0.009649 0.958490 0.022212 0.009649
 0.022183 0.104302 0.043636 0.829880
 0.000758 0.086497 0.107930 0.804814

MOTIF 11-AAAACAAA STREME-11
letter-probability matrix: alength= 4 w= 8 nsites= 979 E= 5.9e-001
 0.764627 0.070493 0.100597 0.064283
 0.924722 0.002239 0.052819 0.020220
 0.899438 0.031809 0.052853 0.015900
 0.851871 0.063340 0.064067 0.020721
 0.000322 0.876303 0.000334 0.123040
 0.902419 0.039075 0.027977 0.030528
 0.996763 0.000334 0.000334 0.002568
 0.936980 0.014718 0.021048 0.027254

MOTIF 12-AGGAAG STREME-12
letter-probability matrix: alength= 4 w= 6 nsites= 1050 E= 6.3e-001
 0.931391 0.023155 0.023155 0.022300
 0.022300 0.023155 0.932245 0.022300
 0.022300 0.023155 0.932245 0.022300
 0.931391 0.023155 0.023155 0.022300
 0.931391 0.023155 0.023155 0.022300
 0.022300 0.023155 0.932245 0.022300

MOTIF 13-AAATATTT STREME-13
letter-probability matrix: alength= 4 w= 8 nsites= 189 E= 6.9e-001
 0.868848 0.085637 0.001008 0.044507
 0.981400 0.001008 0.001008 0.016585
 0.785541 0.093062 0.048617 0.072781
 0.000970 0.001008 0.001008 0.997014
 0.997014 0.001008 0.001008 0.000970
 0.072781 0.048617 0.093062 0.785541
 0.016585 0.001008 0.001008 0.981400
 0.044507 0.001008 0.085637 0.868848

MOTIF 14-AGCCTTGG STREME-14
letter-probability matrix: alength= 4 w= 8 nsites= 798 E= 8.2e-001
 0.966445 0.000607 0.025259 0.007689
 0.101074 0.022004 0.842340 0.034583
 0.023752 0.843400 0.065334 0.067514
 0.026683 0.925081 0.000933 0.047302
 0.039951 0.062911 0.009360 0.887778
 0.004957 0.072081 0.000513 0.922449
 0.016645 0.011207 0.922211 0.049938
 0.053690 0.073630 0.847470 0.025210

MOTIF 15-AAGTCA STREME-15
letter-probability matrix: alength= 4 w= 6 nsites= 780 E= 8.3e-001
 0.799808 0.002222 0.002222 0.195749
 0.764474 0.231164 0.002222 0.002140
 0.002140 0.002222 0.993499 0.002140
 0.002140 0.002222 0.002222 0.993417
 0.002140 0.993499 0.002222 0.002140
 0.962860 0.002222 0.032779 0.002140

MOTIF 16-AGAGAAACCCTGT STREME-16
letter-probability matrix: alength= 4 w= 13 nsites= 37 E= 2.2e+000
 0.995491 0.001522 0.001522 0.001466
 0.001466 0.001522 0.954131 0.042882
 0.995491 0.001522 0.001522 0.001466
 0.042882 0.001522 0.954131 0.001466
 0.954075 0.001522 0.042938 0.001466
 0.912659 0.042938 0.042938 0.001466
 0.912659 0.001522 0.084354 0.001466
 0.001466 0.788467 0.167186 0.042882
 0.001466 0.954131 0.001522 0.042882
 0.084298 0.788467 0.042938 0.084298
 0.084298 0.125770 0.001522 0.788411
 0.001466 0.084354 0.912715 0.001466
 0.001466 0.001522 0.250018 0.746995

MOTIF 17-AACCCCACTGCC STREME-17
letter-probability matrix: alength= 4 w= 12 nsites= 27 E= 4.5e+000
 0.876372 0.001461 0.041227 0.080939
 0.796837 0.120763 0.001461 0.080939
 0.001407 0.995724 0.001461 0.001407
 0.080939 0.916192 0.001461 0.001407
 0.041173 0.916192 0.041227 0.001407
 0.001407 0.876426 0.120759 0.001407
 0.995670 0.001461 0.001461 0.001407
 0.001407 0.876426 0.041227 0.080939
 0.001407 0.080993 0.120763 0.796837
 0.001407 0.001461 0.955958 0.041173
 0.001407 0.955958 0.001461 0.041173
 0.041173 0.916192 0.001461 0.041173

MOTIF 18-TTAGCAAT STREME-18
letter-probability matrix: alength= 4 w= 8 nsites= 343 E= 4.8e+000
 0.000580 0.053779 0.034299 0.911343
 0.000580 0.000602 0.072835 0.925983
 0.859749 0.000602 0.000602 0.139048
 0.000580 0.000602 0.998239 0.000580
 0.048637 0.931079 0.000602 0.019683
 0.762894 0.000602 0.066632 0.169872
 0.892167 0.074406 0.000602 0.032825
 0.146062 0.162948 0.036567 0.654423

********************************************************************************
Stopped because 3 consecutive motifs exceeded the p-value threshold (0.05).
********************************************************************************
COMMAND:	streme --verbosity 1 --oc /ocean/projects/bio230007p/sujathab/Motif_analysis/output/meme_chip_shared_enhancer/streme_out -dna --p /ocean/projects/bio230007p/sujathab/Motif_analysis/output/meme_chip_shared_enhancer/seqs-centered --minw 6 --maxw 20 --order 2
********************************************************************************
CPU:		r025.ib.bridges2.psc.edu
********************************************************************************
FINALTIME:	357.29 seconds
********************************************************************************
