********************************************************************************
STREME - Sensitive, Thorough, Rapid, Enriched Motif Elicitation
********************************************************************************
MEME version 5.4.1 (Release date: Sat Aug 21 19:23:23 2021 -0700)

For further information on how to interpret these results please access https://meme-suite.org/meme.
To get a copy of the MEME Suite software please access https://meme-suite.org.

********************************************************************************


********************************************************************************
REFERENCE
********************************************************************************
If you use this program in your research, please cite:

Timothy L. Bailey,
"STREME: accurate and versatile sequence motif discovery",
Bioinformatics, Mar. 24, 2021.
********************************************************************************


ALPHABET= ACGT

strands: + -

Background letter frequencies
A 0.191 C 0.309 G 0.309 T 0.191 

MOTIF 1-GGGGGCGGGGCSDG STREME-1
letter-probability matrix: alength= 4 w= 14 nsites= 1706 E= 7.6e-013
 0.232464 0.190201 0.492558 0.084776
 0.074224 0.004571 0.813131 0.108074
 0.042731 0.040579 0.916669 0.000021
 0.000021 0.000034 0.999925 0.000021
 0.014703 0.000034 0.985243 0.000021
 0.043745 0.800725 0.000034 0.155497
 0.002416 0.000034 0.996017 0.001533
 0.004872 0.002815 0.943289 0.049024
 0.096437 0.004994 0.888404 0.010165
 0.058138 0.012005 0.922403 0.007455
 0.083295 0.685036 0.133000 0.098669
 0.044430 0.472558 0.314206 0.168805
 0.225709 0.086670 0.438293 0.249327
 0.177731 0.129298 0.651342 0.041630

MOTIF 2-RRCCAATSRGMR STREME-2
letter-probability matrix: alength= 4 w= 12 nsites= 469 E= 1.4e-008
 0.650846 0.011878 0.337211 0.000065
 0.320470 0.021296 0.624027 0.034206
 0.000065 0.999765 0.000105 0.000065
 0.000065 0.997411 0.000105 0.002419
 0.999725 0.000105 0.000105 0.000065
 0.999725 0.000105 0.000105 0.000065
 0.000065 0.000105 0.000105 0.999725
 0.144726 0.563134 0.282656 0.009483
 0.577813 0.024628 0.397494 0.000065
 0.171204 0.183957 0.570805 0.074034
 0.548754 0.284300 0.085847 0.081099
 0.381298 0.021750 0.472197 0.124755

MOTIF 3-MGGAAGTG STREME-3
letter-probability matrix: alength= 4 w= 8 nsites= 1479 E= 1.5e-007
 0.642925 0.333002 0.000236 0.023837
 0.000146 0.010926 0.988781 0.000146
 0.000146 0.013855 0.930475 0.055525
 0.999382 0.000236 0.000236 0.000146
 0.905210 0.005104 0.089540 0.000146
 0.189172 0.000236 0.810446 0.000146
 0.051666 0.000236 0.000236 0.947862
 0.190129 0.022029 0.709996 0.077845

MOTIF 4-CCACYAGRKGGCR STREME-4
letter-probability matrix: alength= 4 w= 13 nsites= 325 E= 2.1e-005
 0.057840 0.865961 0.041292 0.034907
 0.000087 0.999684 0.000141 0.000087
 0.820129 0.000141 0.110004 0.069726
 0.003253 0.659211 0.324788 0.012749
 0.159676 0.476602 0.025464 0.338258
 0.999631 0.000141 0.000141 0.000087
 0.009583 0.000141 0.990188 0.000087
 0.435592 0.000141 0.561015 0.003253
 0.028576 0.009637 0.593115 0.368671
 0.009584 0.000141 0.990188 0.000087
 0.012749 0.000141 0.938228 0.048882
 0.125303 0.864972 0.000141 0.009584
 0.569359 0.000141 0.430413 0.000087

MOTIF 5-GCCGCCGCCGCCGCCGC STREME-5
letter-probability matrix: alength= 4 w= 17 nsites= 510 E= 2.1e-005
 0.050810 0.092925 0.844883 0.011382
 0.004590 0.918270 0.011421 0.065718
 0.061189 0.900158 0.000101 0.038552
 0.135911 0.009157 0.823175 0.031758
 0.015910 0.931855 0.000101 0.052134
 0.034022 0.839680 0.025944 0.100354
 0.027231 0.000101 0.972606 0.000062
 0.000062 0.961287 0.000101 0.038550
 0.000062 0.825829 0.041792 0.132317
 0.186653 0.000101 0.813184 0.000062
 0.000062 0.931855 0.000101 0.067982
 0.052133 0.883370 0.000101 0.064396
 0.061574 0.000101 0.872607 0.065718
 0.011382 0.945439 0.000101 0.043078
 0.043078 0.782136 0.028208 0.146579
 0.153957 0.128895 0.610678 0.106470
 0.038550 0.752927 0.095140 0.113383

MOTIF 6-AAGATGGCGGCSSB STREME-6
letter-probability matrix: alength= 4 w= 14 nsites= 205 E= 5.5e-004
 0.939632 0.000238 0.059983 0.000147
 0.967349 0.010914 0.021590 0.000147
 0.160286 0.220122 0.608769 0.010823
 0.999377 0.000238 0.000238 0.000147
 0.000147 0.000238 0.000238 0.999377
 0.000147 0.000238 0.999468 0.000147
 0.000147 0.000238 0.988792 0.010823
 0.000147 0.999468 0.000238 0.000147
 0.074878 0.112335 0.748584 0.064203
 0.122920 0.090983 0.705881 0.080216
 0.149611 0.785948 0.000238 0.064203
 0.064203 0.277812 0.503038 0.154947
 0.149610 0.304503 0.438981 0.106906
 0.149611 0.401614 0.245785 0.202990

MOTIF 7-ACTACAWYTCCCAGVADGCM STREME-7
letter-probability matrix: alength= 4 w= 20 nsites= 150 E= 1.7e-003
 0.983736 0.008026 0.000342 0.007896
 0.015579 0.945446 0.038763 0.000212
 0.000212 0.023394 0.000342 0.976052
 0.883845 0.038761 0.008026 0.069367
 0.000212 0.968499 0.015710 0.015579
 0.906898 0.023394 0.054129 0.015579
 0.522710 0.046445 0.100231 0.330614
 0.176940 0.292326 0.077180 0.453554
 0.077050 0.031078 0.000342 0.891531
 0.000212 0.960815 0.008026 0.030947
 0.000212 0.991550 0.000342 0.007896
 0.000212 0.976183 0.000342 0.023263
 0.837744 0.008026 0.138650 0.015579
 0.146203 0.046445 0.737986 0.069366
 0.376717 0.346113 0.238539 0.038631
 0.768590 0.031078 0.146334 0.053998
 0.207675 0.023394 0.376847 0.392084
 0.077050 0.230857 0.538206 0.153887
 0.038631 0.876294 0.054129 0.030947
 0.376718 0.392215 0.038761 0.192306

MOTIF 8-CCGAGTC STREME-8
letter-probability matrix: alength= 4 w= 7 nsites= 2692 E= 3.1e-003
 0.004713 0.986332 0.000378 0.008577
 0.266773 0.628584 0.000378 0.104265
 0.268228 0.000378 0.731160 0.000234
 0.896526 0.000378 0.102862 0.000234
 0.000234 0.000378 0.999154 0.000234
 0.000234 0.041693 0.147723 0.810349
 0.053757 0.793915 0.030287 0.122041

MOTIF 9-SGTSACGTSACS STREME-9
letter-probability matrix: alength= 4 w= 12 nsites= 243 E= 1.1e-001
 0.160673 0.293242 0.401021 0.145064
 0.169592 0.183230 0.613608 0.033570
 0.053639 0.129713 0.000199 0.816450
 0.006812 0.446920 0.479250 0.067018
 0.999480 0.000199 0.000199 0.000123
 0.000123 0.999555 0.000199 0.000123
 0.000123 0.000199 0.999555 0.000123
 0.000123 0.000199 0.000199 0.999480
 0.067018 0.479250 0.446920 0.006812
 0.816450 0.000199 0.129713 0.053639
 0.033570 0.613608 0.183230 0.169592
 0.145064 0.401021 0.293242 0.160673

MOTIF 10-AGGTGAC STREME-10
letter-probability matrix: alength= 4 w= 7 nsites= 1172 E= 1.4e-001
 0.847033 0.030479 0.064974 0.057514
 0.065729 0.152611 0.639921 0.141739
 0.020171 0.000783 0.976408 0.002639
 0.000484 0.040893 0.000783 0.957840
 0.061229 0.136982 0.788575 0.013214
 0.997950 0.000783 0.000783 0.000484
 0.000484 0.988073 0.000783 0.010660

MOTIF 11-CGCCATGGC STREME-11
letter-probability matrix: alength= 4 w= 9 nsites= 265 E= 1.6e-001
 0.076984 0.847368 0.014911 0.060737
 0.039767 0.000582 0.891645 0.068006
 0.101424 0.896096 0.000582 0.001898
 0.000360 0.979206 0.000582 0.019852
 0.998476 0.000582 0.000582 0.000360
 0.000360 0.000582 0.000582 0.998476
 0.123363 0.022445 0.826961 0.027232
 0.069414 0.000582 0.892393 0.037611
 0.073693 0.746138 0.000582 0.179587

MOTIF 12-CCCAGCCTC STREME-12
letter-probability matrix: alength= 4 w= 9 nsites= 2279 E= 1.7e-001
 0.001966 0.964356 0.005043 0.028635
 0.013313 0.713279 0.037533 0.235875
 0.015117 0.959074 0.022860 0.002950
 0.824592 0.166947 0.000202 0.008258
 0.089125 0.125080 0.709227 0.076568
 0.016677 0.908419 0.062420 0.012484
 0.011013 0.837310 0.132228 0.019449
 0.067159 0.208498 0.000202 0.724141
 0.051436 0.851934 0.008117 0.088514

MOTIF 13-YGCGCATGCGCR STREME-13
letter-probability matrix: alength= 4 w= 12 nsites= 291 E= 2.3e-001
 0.046904 0.321300 0.158711 0.473085
 0.131195 0.004282 0.864411 0.000113
 0.023510 0.972095 0.002232 0.002163
 0.013261 0.000183 0.986443 0.000113
 0.000113 0.992592 0.000183 0.007112
 0.619962 0.190716 0.138771 0.050551
 0.050551 0.138771 0.190716 0.619962
 0.007112 0.000183 0.992592 0.000113
 0.000113 0.986443 0.000183 0.013261
 0.002163 0.002232 0.972095 0.023510
 0.000113 0.864411 0.004282 0.131195
 0.473085 0.158711 0.321300 0.046904

MOTIF 14-CAGCAGCAGCAGCAGCAGS STREME-14
letter-probability matrix: alength= 4 w= 19 nsites= 169 E= 4.4e-001
 0.024241 0.842910 0.126664 0.006185
 0.884939 0.036381 0.048419 0.030260
 0.048317 0.126664 0.806797 0.018223
 0.048317 0.806797 0.054438 0.090449
 0.842807 0.048419 0.078513 0.030260
 0.006185 0.000268 0.993381 0.000166
 0.000166 0.945230 0.036381 0.018223
 0.680298 0.114626 0.030363 0.174713
 0.030260 0.120645 0.824853 0.024241
 0.060354 0.830872 0.054438 0.054336
 0.608072 0.078513 0.192872 0.120543
 0.090449 0.132683 0.722533 0.054336
 0.072392 0.758646 0.114626 0.054336
 0.764562 0.060457 0.090551 0.084430
 0.036279 0.144721 0.728551 0.090449
 0.036279 0.800777 0.150740 0.012204
 0.650204 0.168796 0.096570 0.084430
 0.102486 0.066476 0.782721 0.048317
 0.048317 0.475760 0.397513 0.078411

MOTIF 15-AGGTGAGTG STREME-15
letter-probability matrix: alength= 4 w= 9 nsites= 364 E= 4.5e-001
 0.666470 0.175259 0.094375 0.063896
 0.011006 0.014313 0.971219 0.003463
 0.000728 0.004396 0.973389 0.021488
 0.000378 0.017789 0.000611 0.981223
 0.022672 0.025377 0.949284 0.002667
 0.882837 0.011104 0.069680 0.036379
 0.006167 0.016896 0.952993 0.023944
 0.000378 0.139102 0.058453 0.802068
 0.027479 0.027886 0.904431 0.040204

MOTIF 16-CCCGCCC STREME-16
letter-probability matrix: alength= 4 w= 7 nsites= 1100 E= 6.2e-001
 0.017373 0.937173 0.028082 0.017373
 0.017373 0.937173 0.028082 0.017373
 0.017373 0.937173 0.028082 0.017373
 0.017373 0.028082 0.937173 0.017373
 0.017373 0.937173 0.028082 0.017373
 0.017373 0.937173 0.028082 0.017373
 0.017373 0.937173 0.028082 0.017373

MOTIF 17-AGGAGGAGGAGGAGG STREME-17
letter-probability matrix: alength= 4 w= 15 nsites= 301 E= 6.6e-001
 0.865140 0.000180 0.134569 0.000111
 0.096896 0.076801 0.784191 0.042112
 0.054210 0.032441 0.913238 0.000111
 0.813035 0.000180 0.132575 0.054209
 0.028340 0.121160 0.818128 0.032373
 0.024308 0.062343 0.913238 0.000111
 0.885626 0.012278 0.101985 0.000111
 0.017916 0.149389 0.832584 0.000111
 0.117135 0.032441 0.846280 0.004144
 0.715443 0.040327 0.227988 0.016242
 0.096210 0.017984 0.877629 0.008177
 0.140570 0.084866 0.774453 0.000111
 0.755770 0.194558 0.049560 0.000111
 0.240359 0.066376 0.672990 0.020275
 0.125341 0.117835 0.744615 0.012209

MOTIF 18-ACACACACACACACACAC STREME-18
letter-probability matrix: alength= 4 w= 18 nsites= 177 E= 7.4e-001
 0.927755 0.018198 0.036000 0.018047
 0.071451 0.825248 0.018198 0.085103
 0.892152 0.000397 0.098305 0.009146
 0.000245 0.792004 0.153044 0.054707
 0.990060 0.000397 0.009298 0.000245
 0.044749 0.639837 0.036000 0.279414
 0.767543 0.000397 0.169510 0.062550
 0.044749 0.650518 0.223324 0.081409
 0.865450 0.000397 0.133907 0.000245
 0.107054 0.766636 0.000397 0.125913
 0.812046 0.018198 0.169510 0.000245
 0.000245 0.643299 0.080505 0.275951
 0.918853 0.009297 0.000397 0.071453
 0.000245 0.766637 0.062702 0.170416
 0.820947 0.035999 0.080503 0.062551
 0.089252 0.606521 0.130382 0.173844
 0.847649 0.009297 0.035999 0.107054
 0.053650 0.805766 0.014672 0.125912

MOTIF 19-CCCGGGA STREME-19
letter-probability matrix: alength= 4 w= 7 nsites= 506 E= 8.3e-001
 0.017373 0.937173 0.028082 0.017373
 0.017373 0.937173 0.028082 0.017373
 0.017373 0.937173 0.028082 0.017373
 0.017373 0.028082 0.937173 0.017373
 0.017373 0.028082 0.937173 0.017373
 0.017373 0.028082 0.937173 0.017373
 0.926464 0.028082 0.028082 0.017373

MOTIF 20-CCCCCCCCCCCCCAC STREME-20
letter-probability matrix: alength= 4 w= 15 nsites= 44 E= 9.0e-001
 0.109580 0.806836 0.028420 0.055164
 0.000750 0.985996 0.012504 0.000750
 0.000750 0.997287 0.001212 0.000750
 0.000750 0.997287 0.001212 0.000750
 0.000750 0.997287 0.001212 0.000750
 0.000750 0.997287 0.001212 0.000750
 0.000750 0.997287 0.001212 0.000750
 0.000750 0.997287 0.001212 0.000750
 0.000750 0.997287 0.001212 0.000750
 0.000750 0.997287 0.001212 0.000750
 0.000750 0.970080 0.028420 0.000750
 0.000750 0.970080 0.028420 0.000750
 0.000750 0.970080 0.028420 0.000750
 0.670296 0.001212 0.327742 0.000750
 0.109581 0.556703 0.164470 0.169245

MOTIF 21-AGTTCCAGGACAGCCAGGGC STREME-21
letter-probability matrix: alength= 4 w= 20 nsites= 39 E= 9.0e-001
 0.996370 0.001386 0.001386 0.000858
 0.094180 0.001386 0.903577 0.000858
 0.000858 0.001386 0.001386 0.996370
 0.000858 0.001386 0.001386 0.996370
 0.031965 0.872469 0.001386 0.094180
 0.249716 0.623611 0.063601 0.063072
 0.965262 0.032494 0.001386 0.000858
 0.125287 0.001386 0.872469 0.000858
 0.000858 0.063601 0.934684 0.000858
 0.685297 0.281352 0.032494 0.000858
 0.031965 0.872469 0.001386 0.094180
 0.871941 0.063601 0.001386 0.063072
 0.094180 0.001386 0.903577 0.000858
 0.000858 0.903577 0.001386 0.094180
 0.031965 0.965791 0.001386 0.000858
 0.747511 0.001386 0.032494 0.218609
 0.156394 0.032494 0.810255 0.000858
 0.031965 0.001386 0.965791 0.000858
 0.125287 0.032494 0.685825 0.156394
 0.031965 0.872469 0.001386 0.094180

MOTIF 22-CGCAGACGC STREME-22
letter-probability matrix: alength= 4 w= 9 nsites= 34 E= 9.0e-001
 0.017373 0.937173 0.028082 0.017373
 0.017373 0.028082 0.937173 0.017373
 0.017373 0.937173 0.028082 0.017373
 0.926464 0.028082 0.028082 0.017373
 0.017373 0.028082 0.937173 0.017373
 0.926464 0.028082 0.028082 0.017373
 0.017373 0.937173 0.028082 0.017373
 0.017373 0.028082 0.937173 0.017373
 0.017373 0.937173 0.028082 0.017373

MOTIF 23-AGGGAGGGAGGGAG STREME-23
letter-probability matrix: alength= 4 w= 14 nsites= 213 E= 1.1e+000
 0.875596 0.009858 0.088305 0.026241
 0.048348 0.074538 0.862517 0.014597
 0.037792 0.177794 0.774638 0.009776
 0.043527 0.019501 0.878982 0.057990
 0.929487 0.065344 0.005036 0.000133
 0.053169 0.058072 0.854876 0.033883
 0.126850 0.135220 0.716511 0.021420
 0.053169 0.040788 0.901089 0.004954
 0.934757 0.060073 0.005036 0.000133
 0.072454 0.043608 0.838411 0.045527
 0.075774 0.204723 0.700085 0.019419
 0.067227 0.093004 0.825171 0.014597
 0.830130 0.021733 0.114255 0.033883
 0.092634 0.093823 0.801766 0.011777

MOTIF 24-CGCCGCCTCC STREME-24
letter-probability matrix: alength= 4 w= 10 nsites= 454 E= 1.3e+000
 0.000531 0.952982 0.000858 0.045629
 0.042799 0.000858 0.955812 0.000531
 0.019785 0.924739 0.042407 0.013069
 0.000531 0.989375 0.009563 0.000531
 0.025171 0.175230 0.799068 0.000531
 0.006514 0.858587 0.103040 0.031859
 0.010063 0.963403 0.024049 0.002484
 0.070133 0.000858 0.059021 0.869988
 0.026888 0.914743 0.048493 0.009876
 0.022931 0.956426 0.020112 0.000531

MOTIF 25-AAAAAAAAAAAAAAABAA STREME-25
letter-probability matrix: alength= 4 w= 18 nsites= 232 E= 1.3e+000
 0.829942 0.005296 0.042954 0.121808
 0.956680 0.017607 0.015435 0.010279
 0.918296 0.030643 0.030643 0.020418
 0.774417 0.096548 0.057919 0.071116
 0.819870 0.058095 0.076270 0.045765
 0.829580 0.058525 0.055991 0.055904
 0.908157 0.076269 0.010365 0.005209
 0.811832 0.061061 0.040782 0.086324
 0.827044 0.081339 0.020504 0.071113
 0.746363 0.118929 0.063595 0.071113
 0.900553 0.043317 0.025573 0.030557
 0.715511 0.091479 0.076269 0.116741
 0.862531 0.005295 0.035713 0.096460
 0.857461 0.101617 0.015434 0.025487
 0.852392 0.005295 0.045852 0.096461
 0.172519 0.272423 0.357204 0.197854
 0.837183 0.101616 0.000226 0.060975
 0.812184 0.068234 0.048468 0.071114

MOTIF 26-GCAGAGCCCAG STREME-26
letter-probability matrix: alength= 4 w= 11 nsites= 716 E= 1.3e+000
 0.033416 0.064907 0.826381 0.075297
 0.055828 0.936222 0.000122 0.007827
 0.762989 0.119406 0.054889 0.062716
 0.095790 0.085500 0.815895 0.002815
 0.861124 0.041949 0.001389 0.095538
 0.001212 0.107659 0.847560 0.043569
 0.078701 0.853861 0.067362 0.000076
 0.101065 0.846791 0.016441 0.035702
 0.045542 0.728459 0.129113 0.096886
 0.779864 0.075150 0.095879 0.049107
 0.066683 0.026266 0.842597 0.064453

MOTIF 27-ATTTATA STREME-27
letter-probability matrix: alength= 4 w= 7 nsites= 509 E= 5.9e+000
 0.841796 0.112906 0.024261 0.021037
 0.028778 0.001106 0.030461 0.939656
 0.003066 0.063380 0.011100 0.922453
 0.066945 0.030187 0.018476 0.884392
 0.841833 0.078467 0.079192 0.000508
 0.122521 0.005645 0.001586 0.870248
 0.860593 0.018815 0.041879 0.078714

MOTIF 28-BCTGCAGCC STREME-28
letter-probability matrix: alength= 4 w= 9 nsites= 736 E= 7.7e+000
 0.000313 0.467450 0.251131 0.281106
 0.000313 0.971730 0.027643 0.000313
 0.000313 0.000506 0.000506 0.998674
 0.241076 0.000506 0.758104 0.000313
 0.000313 0.998867 0.000506 0.000313
 0.998674 0.000506 0.000506 0.000313
 0.098538 0.000506 0.800515 0.100441
 0.082227 0.916954 0.000506 0.000313
 0.110839 0.723784 0.028295 0.137082

MOTIF 29-CCATGGCAACCC STREME-29
letter-probability matrix: alength= 4 w= 12 nsites= 61 E= 1.1e+001
 0.037447 0.905813 0.019292 0.037447
 0.000509 0.831937 0.056230 0.111323
 0.979376 0.000823 0.019292 0.000509
 0.037448 0.093169 0.019292 0.850091
 0.055917 0.074699 0.868874 0.000509
 0.092855 0.037761 0.831936 0.037447
 0.037448 0.850405 0.019292 0.092854
 0.813155 0.019292 0.093168 0.074385
 0.960907 0.019292 0.019292 0.000509
 0.000509 0.961221 0.000823 0.037447
 0.074386 0.758058 0.167046 0.000509
 0.148264 0.684182 0.074699 0.092855

********************************************************************************
Stopped because 3 consecutive motifs exceeded the p-value threshold (0.05).
********************************************************************************
COMMAND:	streme --verbosity 1 --oc /ocean/projects/bio230007p/sujathab/Motif_analysis/output/meme_chip_human_promoter/streme_out -dna --p /ocean/projects/bio230007p/sujathab/Motif_analysis/output/meme_chip_human_promoter/seqs-centered --minw 6 --maxw 20 --order 2
********************************************************************************
CPU:		r025.ib.bridges2.psc.edu
********************************************************************************
FINALTIME:	1683.47 seconds
********************************************************************************
