********************************************************************************
STREME - Sensitive, Thorough, Rapid, Enriched Motif Elicitation
********************************************************************************
MEME version 5.4.1 (Release date: Sat Aug 21 19:23:23 2021 -0700)

For further information on how to interpret these results please access https://meme-suite.org/meme.
To get a copy of the MEME Suite software please access https://meme-suite.org.

********************************************************************************


********************************************************************************
REFERENCE
********************************************************************************
If you use this program in your research, please cite:

Timothy L. Bailey,
"STREME: accurate and versatile sequence motif discovery",
Bioinformatics, Mar. 24, 2021.
********************************************************************************


ALPHABET= ACGT

strands: + -

Background letter frequencies
A 0.196 C 0.304 G 0.304 T 0.196 

MOTIF 1-MGGGGGCGGGGCB STREME-1
letter-probability matrix: alength= 4 w= 13 nsites= 1893 E= 7.0e-012
 0.450423 0.234757 0.110508 0.204312
 0.173473 0.097055 0.681077 0.048394
 0.040182 0.007731 0.853394 0.098693
 0.075280 0.024053 0.893151 0.007515
 0.006206 0.030566 0.963205 0.000023
 0.005339 0.001102 0.991879 0.001681
 0.031014 0.878933 0.000036 0.090017
 0.017661 0.000380 0.975152 0.006807
 0.000023 0.008679 0.871972 0.119326
 0.060478 0.008930 0.904034 0.026558
 0.035336 0.020533 0.913773 0.030358
 0.081812 0.770600 0.053997 0.093590
 0.074005 0.408833 0.274982 0.242180

MOTIF 2-CCACYAGRKGGC STREME-2
letter-probability matrix: alength= 4 w= 12 nsites= 660 E= 5.3e-011
 0.045404 0.921897 0.007677 0.025022
 0.000063 0.997558 0.000097 0.002282
 0.968618 0.000097 0.031222 0.000063
 0.000063 0.660823 0.325734 0.013380
 0.218060 0.309594 0.020073 0.452273
 0.998822 0.001018 0.000097 0.000063
 0.000063 0.000097 0.999777 0.000063
 0.570810 0.000097 0.429030 0.000063
 0.000063 0.000097 0.654949 0.344891
 0.000063 0.000097 0.999777 0.000063
 0.004502 0.026732 0.938928 0.029838
 0.093373 0.865010 0.000097 0.041520

MOTIF 3-CACTCACC STREME-3
letter-probability matrix: alength= 4 w= 8 nsites= 1359 E= 1.8e-007
 0.109108 0.675697 0.055203 0.159992
 0.946715 0.000423 0.052588 0.000274
 0.000274 0.960125 0.039327 0.000274
 0.000274 0.000423 0.000423 0.998879
 0.000274 0.929008 0.000423 0.070295
 0.998879 0.000423 0.000423 0.000274
 0.000274 0.999029 0.000423 0.000274
 0.028605 0.718322 0.046389 0.206684

MOTIF 4-CCCGGGTC STREME-4
letter-probability matrix: alength= 4 w= 8 nsites= 6684 E= 1.2e-005
 0.043216 0.651668 0.000103 0.305014
 0.002838 0.832524 0.005517 0.159121
 0.118441 0.642620 0.123982 0.114957
 0.145697 0.000103 0.854134 0.000067
 0.126096 0.022523 0.819379 0.032002
 0.000067 0.014365 0.981167 0.004401
 0.196692 0.053772 0.018280 0.731257
 0.000067 0.819076 0.003742 0.177115

MOTIF 5-CAAAGKTCA STREME-5
letter-probability matrix: alength= 4 w= 9 nsites= 963 E= 1.6e-004
 0.006426 0.852255 0.023280 0.118039
 0.940840 0.000154 0.024188 0.034819
 0.833508 0.027516 0.130746 0.008230
 0.945658 0.024052 0.029099 0.001191
 0.006446 0.002288 0.987463 0.003803
 0.027046 0.009229 0.498342 0.465383
 0.064575 0.150452 0.064891 0.720082
 0.057996 0.843520 0.026959 0.071524
 0.946360 0.007861 0.029633 0.016146

MOTIF 6-CGGCGGCGGCGGCGGC STREME-6
letter-probability matrix: alength= 4 w= 16 nsites= 607 E= 3.5e-004
 0.091223 0.685321 0.132823 0.090633
 0.171055 0.056012 0.769033 0.003900
 0.021203 0.000084 0.978658 0.000054
 0.049147 0.871700 0.016263 0.062890
 0.034777 0.000084 0.965085 0.000054
 0.028567 0.000084 0.971294 0.000054
 0.000054 0.872508 0.000084 0.127353
 0.082137 0.108548 0.785391 0.023924
 0.059655 0.000084 0.940206 0.000054
 0.050042 0.896468 0.000084 0.053405
 0.123459 0.000084 0.836354 0.040103
 0.055483 0.006891 0.924113 0.013513
 0.057406 0.836349 0.015465 0.090780
 0.073249 0.013543 0.821991 0.091217
 0.050841 0.079091 0.870014 0.000054
 0.000054 0.793422 0.138214 0.068310

MOTIF 7-RMSATGGCGGCSGC STREME-7
letter-probability matrix: alength= 4 w= 14 nsites= 329 E= 4.2e-004
 0.603670 0.009248 0.336865 0.050218
 0.578619 0.338384 0.031260 0.051737
 0.024392 0.465992 0.482185 0.027431
 0.984456 0.000133 0.015324 0.000086
 0.000086 0.000133 0.000133 0.999648
 0.000086 0.012286 0.987542 0.000086
 0.012239 0.000133 0.978427 0.009201
 0.079081 0.866011 0.000133 0.054775
 0.060851 0.015324 0.832590 0.091234
 0.145923 0.048745 0.726251 0.079081
 0.192758 0.731066 0.018363 0.057813
 0.051737 0.363206 0.477371 0.107687
 0.121617 0.209775 0.582190 0.086419
 0.189720 0.557885 0.136855 0.115540

MOTIF 8-YARCCAATSRGM STREME-8
letter-probability matrix: alength= 4 w= 12 nsites= 441 E= 4.4e-004
 0.019071 0.452402 0.147897 0.380629
 0.706920 0.000119 0.292885 0.000077
 0.355552 0.008260 0.589981 0.046207
 0.000077 0.878082 0.000119 0.121722
 0.000077 0.983446 0.000119 0.016358
 0.999685 0.000119 0.000119 0.000077
 0.999685 0.000119 0.000119 0.000077
 0.000077 0.000119 0.000119 0.999685
 0.136416 0.536695 0.301265 0.025624
 0.645093 0.024540 0.330289 0.000077
 0.202667 0.204359 0.498387 0.094588
 0.473667 0.328309 0.106610 0.091413

MOTIF 9-RACTACAWYTCCCAGMA STREME-9
letter-probability matrix: alength= 4 w= 17 nsites= 135 E= 1.1e-003
 0.475082 0.041294 0.483392 0.000232
 0.999051 0.000359 0.000359 0.000232
 0.000232 0.966429 0.033107 0.000232
 0.008419 0.024920 0.000359 0.966303
 0.876246 0.057667 0.016733 0.049354
 0.000232 0.999177 0.000359 0.000232
 0.884433 0.049480 0.016733 0.049354
 0.548763 0.065854 0.041294 0.344089
 0.196720 0.262344 0.049480 0.491455
 0.106663 0.041294 0.008546 0.843498
 0.008419 0.933682 0.033107 0.024793
 0.000232 0.999177 0.000359 0.000232
 0.000232 0.974617 0.000359 0.024793
 0.908994 0.000359 0.082228 0.008419
 0.106663 0.082228 0.745381 0.065728
 0.507831 0.303278 0.131350 0.057541
 0.663384 0.033107 0.229595 0.073915

MOTIF 10-CACTTCCGGYN STREME-10
letter-probability matrix: alength= 4 w= 11 nsites= 487 E= 1.5e-002
 0.076662 0.665129 0.072755 0.185454
 0.999642 0.000135 0.000135 0.000087
 0.000087 0.978090 0.015564 0.006259
 0.003173 0.000135 0.092262 0.904430
 0.000087 0.000135 0.006307 0.993471
 0.077986 0.921791 0.000135 0.000087
 0.000087 0.929243 0.060044 0.010625
 0.000087 0.000135 0.688985 0.310792
 0.000087 0.206356 0.609918 0.183639
 0.149333 0.272656 0.108465 0.469546
 0.346450 0.192252 0.198571 0.262727

MOTIF 11-ATCAATAM STREME-11
letter-probability matrix: alength= 4 w= 8 nsites= 106 E= 3.3e-002
 0.996728 0.001236 0.001236 0.000800
 0.000800 0.001236 0.001236 0.996728
 0.000800 0.898466 0.089439 0.011295
 0.835915 0.001236 0.162049 0.000800
 0.996728 0.001236 0.001236 0.000800
 0.000800 0.001236 0.001236 0.996728
 0.996728 0.001236 0.001236 0.000800
 0.447818 0.243575 0.197639 0.110967

MOTIF 12-GTTAATNATTAAC STREME-12
letter-probability matrix: alength= 4 w= 13 nsites= 143 E= 4.7e-002
 0.264587 0.011661 0.607101 0.116651
 0.011544 0.030545 0.045652 0.912260
 0.152851 0.113634 0.041875 0.691641
 0.950027 0.000331 0.049428 0.000214
 0.804944 0.118977 0.004108 0.071972
 0.135535 0.022991 0.000331 0.841143
 0.203516 0.296484 0.296484 0.203516
 0.841143 0.000331 0.022991 0.135535
 0.071972 0.004108 0.118977 0.804944
 0.000214 0.049428 0.000331 0.950027
 0.691641 0.041875 0.113634 0.152851
 0.912260 0.045652 0.030545 0.011544
 0.116651 0.607101 0.011661 0.264587

MOTIF 13-KGCGCATGCGCM STREME-13
letter-probability matrix: alength= 4 w= 12 nsites= 281 E= 8.1e-002
 0.006440 0.199940 0.499655 0.293965
 0.157586 0.000534 0.841535 0.000345
 0.049102 0.919547 0.012723 0.018628
 0.000345 0.000534 0.998775 0.000345
 0.000345 0.998775 0.000534 0.000345
 0.708725 0.165457 0.125472 0.000345
 0.000345 0.125472 0.165457 0.708725
 0.000345 0.000534 0.998775 0.000345
 0.000345 0.998775 0.000534 0.000345
 0.018628 0.012723 0.919547 0.049102
 0.000345 0.841535 0.000534 0.157586
 0.293965 0.499655 0.199940 0.006440

MOTIF 14-GGAGGAGGAGGAGGA STREME-14
letter-probability matrix: alength= 4 w= 15 nsites= 235 E= 9.4e-002
 0.000130 0.107942 0.889497 0.002431
 0.046143 0.057328 0.873392 0.023137
 0.865781 0.032411 0.080334 0.021474
 0.046143 0.125564 0.809758 0.018535
 0.011243 0.094137 0.894490 0.000130
 0.766364 0.123655 0.082243 0.027738
 0.032886 0.100648 0.866336 0.000130
 0.015844 0.009404 0.965419 0.009333
 0.893637 0.055417 0.032411 0.018536
 0.115163 0.046214 0.824688 0.013934
 0.018536 0.018489 0.956334 0.006641
 0.769637 0.078970 0.119054 0.032339
 0.027738 0.112542 0.850387 0.009333
 0.069152 0.031254 0.890262 0.009333
 0.786688 0.132538 0.051126 0.029648

MOTIF 15-ACACACACACACA STREME-15
letter-probability matrix: alength= 4 w= 13 nsites= 292 E= 9.6e-002
 0.980276 0.008515 0.010976 0.000233
 0.010876 0.775464 0.041434 0.172227
 0.857699 0.016789 0.075990 0.049521
 0.029301 0.872078 0.036989 0.061633
 0.877224 0.072896 0.049648 0.000233
 0.000233 0.828534 0.096093 0.075140
 0.979907 0.019500 0.000360 0.000233
 0.092661 0.610021 0.148227 0.149092
 0.846495 0.046425 0.064191 0.042888
 0.000233 0.849114 0.087499 0.063155
 0.842355 0.098726 0.030633 0.028286
 0.008447 0.812369 0.012779 0.166404
 0.936710 0.015692 0.013170 0.034428

MOTIF 16-YGGYGACR STREME-16
letter-probability matrix: alength= 4 w= 8 nsites= 2327 E= 2.5e-001
 0.125358 0.505907 0.039960 0.328775
 0.238604 0.000234 0.761011 0.000151
 0.302210 0.000234 0.697405 0.000151
 0.000151 0.255594 0.237023 0.507232
 0.000151 0.000234 0.912445 0.087170
 0.999381 0.000234 0.000234 0.000151
 0.000151 0.999464 0.000234 0.000151
 0.606899 0.000234 0.392716 0.000151

MOTIF 17-CARAGTC STREME-17
letter-probability matrix: alength= 4 w= 7 nsites= 1172 E= 3.0e-001
 0.000668 0.979500 0.001033 0.018799
 0.959314 0.038985 0.001033 0.000668
 0.396152 0.001033 0.566182 0.036632
 0.808896 0.189403 0.001033 0.000668
 0.000668 0.001033 0.997630 0.000668
 0.000668 0.001033 0.001033 0.997265
 0.000668 0.997630 0.001033 0.000668

MOTIF 18-AGGTAAGGG STREME-18
letter-probability matrix: alength= 4 w= 9 nsites= 805 E= 4.9e-001
 0.999136 0.000326 0.000326 0.000211
 0.000211 0.024728 0.974850 0.000211
 0.000211 0.000326 0.900395 0.099068
 0.000211 0.000326 0.249048 0.750415
 0.854511 0.000326 0.144951 0.000211
 0.933458 0.026248 0.026182 0.014112
 0.183961 0.144824 0.671003 0.000211
 0.256585 0.064190 0.679014 0.000211
 0.000211 0.079875 0.919702 0.000211

MOTIF 19-CTTTAATCCCAGC STREME-19
letter-probability matrix: alength= 4 w= 13 nsites= 67 E= 7.2e-001
 0.033348 0.932584 0.000720 0.033348
 0.000466 0.050043 0.000720 0.948771
 0.082671 0.099367 0.165131 0.652832
 0.000466 0.000720 0.000720 0.998094
 0.915888 0.000720 0.082926 0.000466
 0.948771 0.000720 0.033602 0.016907
 0.000466 0.198014 0.000720 0.800800
 0.016907 0.833938 0.017161 0.131994
 0.016907 0.899702 0.033603 0.049789
 0.033348 0.899702 0.017161 0.049789
 0.899447 0.000720 0.000720 0.099112
 0.131994 0.017161 0.768175 0.082671
 0.000466 0.872112 0.000720 0.126702

MOTIF 20-CGCCCGCCCGC STREME-20
letter-probability matrix: alength= 4 w= 11 nsites= 96 E= 1.1e+000
 0.017855 0.936691 0.027600 0.017855
 0.017855 0.027600 0.936691 0.017855
 0.017855 0.936691 0.027600 0.017855
 0.017855 0.936691 0.027600 0.017855
 0.017855 0.936691 0.027600 0.017855
 0.017855 0.027600 0.936691 0.017855
 0.017855 0.936691 0.027600 0.017855
 0.017855 0.936691 0.027600 0.017855
 0.017855 0.936691 0.027600 0.017855
 0.017855 0.027600 0.936691 0.017855
 0.017855 0.936691 0.027600 0.017855

MOTIF 21-GARGCMGAGGC STREME-21
letter-probability matrix: alength= 4 w= 11 nsites= 313 E= 1.1e+000
 0.000162 0.000251 0.999425 0.000162
 0.999337 0.000251 0.000251 0.000162
 0.273883 0.049127 0.545362 0.131629
 0.137772 0.000251 0.861815 0.000162
 0.000162 0.999425 0.000251 0.000162
 0.494779 0.305982 0.132342 0.066896
 0.000162 0.000251 0.999425 0.000162
 0.999337 0.000251 0.000251 0.000162
 0.276769 0.081181 0.605175 0.036874
 0.000162 0.000251 0.921730 0.077857
 0.180414 0.819173 0.000251 0.000162

MOTIF 22-AGGCCAGCCTGGKCTACAB STREME-22
letter-probability matrix: alength= 4 w= 19 nsites= 66 E= 1.2e+000
 0.965951 0.000705 0.016796 0.016548
 0.097005 0.000705 0.901834 0.000456
 0.113097 0.000705 0.805284 0.080914
 0.145281 0.853559 0.000705 0.000456
 0.000456 0.901834 0.016796 0.080914
 0.982043 0.000705 0.000705 0.016548
 0.048731 0.048980 0.885742 0.016548
 0.032639 0.821376 0.000705 0.145280
 0.016548 0.950109 0.000705 0.032639
 0.193555 0.016796 0.000705 0.788943
 0.129188 0.000705 0.805284 0.064822
 0.129188 0.048980 0.789193 0.032639
 0.097005 0.016796 0.306445 0.579753
 0.113097 0.789193 0.016796 0.080914
 0.032639 0.032888 0.000705 0.933768
 0.869402 0.000705 0.129437 0.000456
 0.000456 0.901834 0.065071 0.032639
 0.885493 0.016796 0.016796 0.080914
 0.161372 0.225987 0.386902 0.225738

MOTIF 23-ATGGTGGCTCACAACCATC STREME-23
letter-probability matrix: alength= 4 w= 19 nsites= 55 E= 1.2e+000
 0.772018 0.019641 0.094908 0.113433
 0.056983 0.076091 0.132542 0.734384
 0.019350 0.019641 0.960476 0.000533
 0.038167 0.038458 0.922843 0.000533
 0.038167 0.057274 0.000824 0.903735
 0.151067 0.000824 0.847576 0.000533
 0.056983 0.019641 0.904026 0.019350
 0.000533 0.791126 0.019641 0.188700
 0.019350 0.019641 0.057274 0.903735
 0.000533 0.979293 0.000824 0.019350
 0.903735 0.057274 0.000824 0.038167
 0.000533 0.885209 0.019641 0.094617
 0.828468 0.057274 0.113724 0.000533
 0.734385 0.113724 0.151358 0.000533
 0.038167 0.904026 0.038458 0.019350
 0.056983 0.772309 0.000824 0.169883
 0.659118 0.076091 0.188991 0.075800
 0.019350 0.264258 0.038458 0.677935
 0.038167 0.828759 0.019641 0.113433

MOTIF 24-AGGGAGGGAGGGAGRGA STREME-24
letter-probability matrix: alength= 4 w= 17 nsites= 90 E= 1.2e+000
 0.884218 0.051360 0.064062 0.000360
 0.101969 0.013257 0.866442 0.018332
 0.058206 0.025958 0.915476 0.000360
 0.038463 0.102165 0.859013 0.000360
 0.985826 0.000556 0.000556 0.013061
 0.076566 0.025958 0.884414 0.013061
 0.268204 0.025958 0.692776 0.013061
 0.025762 0.013257 0.947920 0.013061
 0.985826 0.000556 0.000556 0.013061
 0.038463 0.013257 0.922518 0.025762
 0.230099 0.013257 0.743583 0.013061
 0.051164 0.038659 0.897116 0.013061
 0.935022 0.000556 0.064061 0.000360
 0.076566 0.013257 0.909817 0.000360
 0.611135 0.025958 0.311743 0.051164
 0.044813 0.051360 0.890765 0.013061
 0.814362 0.076762 0.095814 0.013061

MOTIF 25-AGATGGCTCAG STREME-25
letter-probability matrix: alength= 4 w= 11 nsites= 66 E= 1.2e+000
 0.921996 0.017969 0.042332 0.017703
 0.055454 0.017969 0.926088 0.000488
 0.754671 0.205892 0.010060 0.029377
 0.008454 0.017969 0.034802 0.938775
 0.042066 0.069616 0.878525 0.009794
 0.083649 0.004070 0.911793 0.000488
 0.007633 0.920660 0.002357 0.069351
 0.003804 0.000754 0.000754 0.994688
 0.000488 0.988965 0.010060 0.000488
 0.968487 0.005911 0.007899 0.017703
 0.029377 0.017969 0.952166 0.000488

MOTIF 26-CAGGGGGCGC STREME-26
letter-probability matrix: alength= 4 w= 10 nsites= 48 E= 1.2e+000
 0.017855 0.936691 0.027600 0.017855
 0.926945 0.027600 0.027600 0.017855
 0.017855 0.027600 0.936691 0.017855
 0.017855 0.027600 0.936691 0.017855
 0.017855 0.027600 0.936691 0.017855
 0.017855 0.027600 0.936691 0.017855
 0.017855 0.027600 0.936691 0.017855
 0.017855 0.936691 0.027600 0.017855
 0.017855 0.027600 0.936691 0.017855
 0.017855 0.936691 0.027600 0.017855

MOTIF 27-AGGGAGGAGCCAG STREME-27
letter-probability matrix: alength= 4 w= 13 nsites= 341 E= 1.2e+000
 0.723350 0.011535 0.139576 0.125539
 0.078941 0.007745 0.898048 0.015266
 0.015266 0.000166 0.984460 0.000107
 0.135909 0.010891 0.853093 0.000107
 0.859678 0.094741 0.000166 0.045415
 0.000107 0.000166 0.976881 0.022845
 0.104088 0.000166 0.891849 0.003897
 0.917389 0.000166 0.051736 0.030709
 0.024771 0.000166 0.967376 0.007687
 0.169061 0.530025 0.259765 0.041150
 0.109646 0.606326 0.233572 0.050456
 0.560856 0.108780 0.216381 0.113984
 0.037713 0.028267 0.918755 0.015266

MOTIF 28-ATGCAAATG STREME-28
letter-probability matrix: alength= 4 w= 9 nsites= 96 E= 1.2e+000
 0.997589 0.000911 0.000911 0.000589
 0.000589 0.000911 0.000911 0.997589
 0.073075 0.000911 0.925425 0.000589
 0.000589 0.846125 0.000911 0.152375
 0.968160 0.000911 0.009542 0.021387
 0.986347 0.000911 0.000911 0.011831
 0.997589 0.000911 0.000911 0.000589
 0.000589 0.045463 0.000911 0.953037
 0.126654 0.154927 0.717830 0.000589

MOTIF 29-CCCCACCCC STREME-29
letter-probability matrix: alength= 4 w= 9 nsites= 913 E= 1.2e+000
 0.015883 0.970394 0.000593 0.013130
 0.020477 0.935032 0.006070 0.038421
 0.014046 0.971528 0.008020 0.006406
 0.035822 0.915869 0.018441 0.029868
 0.736694 0.000261 0.067440 0.195604
 0.063523 0.873516 0.029650 0.033311
 0.001984 0.973608 0.013066 0.011342
 0.000650 0.969916 0.004191 0.025242
 0.056913 0.850485 0.009474 0.083129

MOTIF 30-AAAACAAACARA STREME-30
letter-probability matrix: alength= 4 w= 12 nsites= 799 E= 1.3e+000
 0.711205 0.078035 0.058796 0.151963
 0.850843 0.027759 0.080919 0.040479
 0.847912 0.011234 0.062046 0.078808
 0.687283 0.099154 0.173352 0.040211
 0.042262 0.614825 0.043615 0.299299
 0.963731 0.022133 0.001733 0.012403
 0.949784 0.015662 0.005031 0.029522
 0.896744 0.026963 0.033103 0.043189
 0.164858 0.603632 0.031710 0.199801
 0.815737 0.069631 0.025283 0.089350
 0.404879 0.135838 0.317586 0.141696
 0.720592 0.042037 0.085122 0.152249

MOTIF 31-AGCAGCAGCAGCAGCAGCA STREME-31
letter-probability matrix: alength= 4 w= 19 nsites= 252 E= 1.5e+000
 0.815858 0.038625 0.000187 0.145331
 0.085538 0.059979 0.854361 0.000121
 0.000121 0.764673 0.166751 0.068455
 0.901275 0.098417 0.000187 0.000121
 0.017204 0.000187 0.935508 0.047101
 0.072726 0.790298 0.081334 0.055642
 0.580960 0.128313 0.218001 0.072726
 0.115434 0.038625 0.828736 0.017204
 0.038559 0.670714 0.239356 0.051372
 0.619398 0.124042 0.089875 0.166685
 0.076997 0.085604 0.815924 0.021475
 0.021475 0.978217 0.000187 0.000121
 0.649294 0.047167 0.149667 0.153872
 0.081268 0.145397 0.773215 0.000121
 0.059913 0.619463 0.273523 0.047101
 0.636481 0.153938 0.124042 0.085538
 0.132518 0.085605 0.781756 0.000121
 0.000121 0.845819 0.119772 0.034288
 0.538251 0.094146 0.218001 0.149601

MOTIF 32-RTSACGTSAY STREME-32
letter-probability matrix: alength= 4 w= 10 nsites= 272 E= 1.6e+000
 0.312817 0.121118 0.525216 0.040849
 0.038499 0.161906 0.044214 0.755381
 0.039338 0.563138 0.393734 0.003789
 0.979451 0.000176 0.000176 0.020197
 0.000114 0.912216 0.000176 0.087495
 0.087495 0.000176 0.912216 0.000114
 0.020197 0.000176 0.000176 0.979451
 0.003789 0.393734 0.563138 0.039338
 0.755381 0.044214 0.161906 0.038499
 0.040849 0.525216 0.121118 0.312817

MOTIF 33-CCGGGA STREME-33
letter-probability matrix: alength= 4 w= 6 nsites= 1463 E= 1.8e+000
 0.017855 0.936691 0.027600 0.017855
 0.017855 0.936691 0.027600 0.017855
 0.017855 0.027600 0.936691 0.017855
 0.017855 0.027600 0.936691 0.017855
 0.017855 0.027600 0.936691 0.017855
 0.926945 0.027600 0.027600 0.017855

MOTIF 34-CCCAGCCCTG STREME-34
letter-probability matrix: alength= 4 w= 10 nsites= 2061 E= 1.8e+000
 0.045125 0.931914 0.013792 0.009169
 0.000596 0.876743 0.066410 0.056252
 0.054688 0.757648 0.103247 0.084417
 0.852642 0.064102 0.078359 0.004897
 0.066685 0.019893 0.863842 0.049579
 0.038888 0.820699 0.082377 0.058036
 0.054491 0.900312 0.020309 0.024888
 0.057225 0.823323 0.019282 0.100171
 0.077347 0.118347 0.155059 0.649248
 0.091617 0.027012 0.753837 0.127534

MOTIF 35-RCCKMGGY STREME-35
letter-probability matrix: alength= 4 w= 8 nsites= 787 E= 2.6e+000
 0.340087 0.001773 0.498853 0.159287
 0.001147 0.995932 0.001773 0.001147
 0.001147 0.935789 0.061917 0.001147
 0.001147 0.001773 0.546042 0.451038
 0.451038 0.546042 0.001773 0.001147
 0.001147 0.061917 0.935789 0.001147
 0.001147 0.001773 0.995932 0.001147
 0.159287 0.498853 0.001773 0.340087

MOTIF 36-AAGCAAAG STREME-36
letter-probability matrix: alength= 4 w= 8 nsites= 884 E= 2.7e+000
 0.708536 0.000392 0.290819 0.000253
 0.836308 0.016934 0.000392 0.146366
 0.080067 0.000392 0.774117 0.145424
 0.000253 0.894982 0.104511 0.000253
 0.875926 0.109248 0.014572 0.000253
 0.946144 0.000392 0.000392 0.053072
 0.955777 0.017997 0.025973 0.000253
 0.017816 0.241235 0.723583 0.017365

MOTIF 37-CCACCACCACCACCA STREME-37
letter-probability matrix: alength= 4 w= 15 nsites= 82 E= 1.3e+001
 0.076168 0.758665 0.114269 0.050898
 0.000358 0.935555 0.000553 0.063533
 0.859550 0.025823 0.076364 0.038263
 0.063533 0.935555 0.000553 0.000358
 0.000358 0.986096 0.013188 0.000358
 0.973265 0.000553 0.000553 0.025628
 0.000358 0.960825 0.025823 0.012993
 0.050898 0.796570 0.013188 0.139344
 0.846915 0.013188 0.038458 0.101438
 0.000358 0.809205 0.051094 0.139343
 0.050898 0.885015 0.038459 0.025628
 0.644754 0.152174 0.000553 0.202518
 0.088803 0.796570 0.038458 0.076168
 0.025628 0.847110 0.063729 0.063533
 0.568943 0.253255 0.025823 0.151978

********************************************************************************
Stopped because 3 consecutive motifs exceeded the p-value threshold (0.05).
********************************************************************************
COMMAND:	streme --verbosity 1 --oc /ocean/projects/bio230007p/sujathab/Motif_analysis/output/meme_chip_mouse_promoter/streme_out -dna --p /ocean/projects/bio230007p/sujathab/Motif_analysis/output/meme_chip_mouse_promoter/seqs-centered --minw 6 --maxw 20 --order 2
********************************************************************************
CPU:		r025.ib.bridges2.psc.edu
********************************************************************************
FINALTIME:	3485.95 seconds
********************************************************************************
