********************************************************************************
STREME - Sensitive, Thorough, Rapid, Enriched Motif Elicitation
********************************************************************************
MEME version 5.4.1 (Release date: Sat Aug 21 19:23:23 2021 -0700)

For further information on how to interpret these results please access https://meme-suite.org/meme.
To get a copy of the MEME Suite software please access https://meme-suite.org.

********************************************************************************


********************************************************************************
REFERENCE
********************************************************************************
If you use this program in your research, please cite:

Timothy L. Bailey,
"STREME: accurate and versatile sequence motif discovery",
Bioinformatics, Mar. 24, 2021.
********************************************************************************


ALPHABET= ACGT

strands: + -

Background letter frequencies
A 0.248 C 0.252 G 0.252 T 0.248 

MOTIF 1-CCASHAGRKGGCRSYRBWK STREME-1
letter-probability matrix: alength= 4 w= 19 nsites= 6148 E= 3.3e-146
 0.088833 0.838328 0.028328 0.044512
 0.000007 0.999980 0.000007 0.000007
 0.868672 0.008098 0.046718 0.076511
 0.020788 0.560073 0.411224 0.007914
 0.233205 0.370100 0.036052 0.360644
 0.942418 0.011593 0.019133 0.026857
 0.000190 0.000191 0.999612 0.000007
 0.504173 0.000007 0.493975 0.001846
 0.009570 0.008466 0.593367 0.388598
 0.005892 0.000007 0.992440 0.001662
 0.008834 0.006811 0.925499 0.058856
 0.091223 0.832811 0.005524 0.070442
 0.529843 0.011225 0.442558 0.016374
 0.082028 0.497547 0.338759 0.081665
 0.118441 0.392542 0.064373 0.424643
 0.468235 0.216646 0.261519 0.053599
 0.161659 0.180969 0.328176 0.329196
 0.401370 0.149521 0.172142 0.276967
 0.194654 0.152464 0.407356 0.245526

MOTIF 2-CAAAGGTCA STREME-2
letter-probability matrix: alength= 4 w= 9 nsites= 9235 E= 8.9e-041
 0.008943 0.879324 0.035448 0.076285
 0.807980 0.139786 0.031293 0.020941
 0.779400 0.005564 0.197940 0.017096
 0.959351 0.002306 0.036093 0.002249
 0.000024 0.002278 0.990550 0.007148
 0.005570 0.008547 0.688380 0.297504
 0.060805 0.145135 0.113133 0.680927
 0.002365 0.923336 0.019663 0.054636
 0.937218 0.008206 0.017880 0.036696

MOTIF 3-WAARYAAAYAH STREME-3
letter-probability matrix: alength= 4 w= 11 nsites= 6379 E= 6.9e-025
 0.477935 0.112172 0.000011 0.409881
 0.513009 0.140679 0.195027 0.151285
 0.622468 0.000011 0.159776 0.217745
 0.492910 0.019172 0.446209 0.041710
 0.000011 0.408343 0.000011 0.591635
 0.838647 0.161331 0.000011 0.000011
 0.999967 0.000011 0.000011 0.000011
 0.931116 0.000011 0.000011 0.068862
 0.000011 0.496129 0.000011 0.503849
 0.900005 0.000011 0.099973 0.000011
 0.373091 0.213178 0.124550 0.289182

MOTIF 4-RTTDCGHAAY STREME-4
letter-probability matrix: alength= 4 w= 10 nsites= 3427 E= 1.5e-011
 0.495005 0.142269 0.353037 0.009689
 0.000031 0.000031 0.000031 0.999907
 0.000031 0.000031 0.048226 0.951712
 0.380729 0.000460 0.406389 0.212422
 0.113322 0.543340 0.080404 0.262934
 0.262934 0.080404 0.543340 0.113322
 0.212422 0.406389 0.000460 0.380729
 0.951712 0.048226 0.000031 0.000031
 0.999907 0.000031 0.000031 0.000031
 0.009689 0.353037 0.142269 0.495005

MOTIF 5-GTAGCCCWGGCTGKCCTBGA STREME-5
letter-probability matrix: alength= 4 w= 20 nsites= 377 E= 4.4e-011
 0.181344 0.024815 0.780012 0.013829
 0.000098 0.068753 0.024815 0.906334
 0.933795 0.008338 0.035799 0.022068
 0.107198 0.038546 0.832189 0.022068
 0.274713 0.568559 0.024815 0.131913
 0.019321 0.801981 0.011084 0.167613
 0.035798 0.837681 0.000100 0.126421
 0.563057 0.038546 0.024815 0.373582
 0.101706 0.000100 0.865143 0.033052
 0.112690 0.027561 0.834935 0.024814
 0.024814 0.867889 0.024815 0.082483
 0.030306 0.002846 0.005592 0.961256
 0.082483 0.002846 0.887112 0.027560
 0.148390 0.030307 0.538343 0.282960
 0.011083 0.892604 0.008338 0.087975
 0.019321 0.848666 0.005592 0.126421
 0.011083 0.019323 0.000100 0.969495
 0.057767 0.299429 0.417521 0.225282
 0.302174 0.055022 0.626228 0.016575
 0.936541 0.024815 0.033053 0.005591

MOTIF 6-TAATSATTAACYA STREME-6
letter-probability matrix: alength= 4 w= 13 nsites= 584 E= 3.9e-008
 0.087685 0.248502 0.066278 0.597535
 0.958379 0.000067 0.024090 0.017464
 0.964237 0.030086 0.000067 0.005610
 0.125410 0.064744 0.000067 0.809779
 0.057037 0.495042 0.311423 0.136498
 0.940667 0.000067 0.003763 0.055504
 0.016697 0.001915 0.052575 0.928812
 0.000066 0.031481 0.000067 0.968385
 0.840113 0.009307 0.059200 0.091381
 0.962841 0.011155 0.025938 0.000066
 0.016697 0.759880 0.003763 0.219660
 0.197932 0.329810 0.027786 0.444472
 0.501666 0.171609 0.125097 0.201628

MOTIF 7-CCCCACCCCC STREME-7
letter-probability matrix: alength= 4 w= 10 nsites= 1325 E= 7.5e-008
 0.004656 0.971634 0.002352 0.021359
 0.002008 0.950347 0.001179 0.046466
 0.000087 0.986255 0.000151 0.013507
 0.044212 0.941643 0.005757 0.008387
 0.704614 0.051731 0.111554 0.132100
 0.017905 0.957181 0.000088 0.024826
 0.000087 0.977959 0.018273 0.003681
 0.005859 0.992259 0.001795 0.000087
 0.039584 0.932680 0.001795 0.025940
 0.073347 0.849398 0.033944 0.043311

MOTIF 8-AGWGCTGGRRTTAMAGGYR STREME-8
letter-probability matrix: alength= 4 w= 19 nsites= 441 E= 2.6e-007
 0.637756 0.016868 0.299743 0.045634
 0.146318 0.026457 0.812756 0.014469
 0.309331 0.045635 0.076799 0.568236
 0.270975 0.000087 0.702483 0.026456
 0.002483 0.927824 0.000087 0.069606
 0.007278 0.000087 0.000087 0.992548
 0.143921 0.000087 0.853509 0.002483
 0.141523 0.000087 0.843920 0.014469
 0.354878 0.024059 0.611388 0.009675
 0.580222 0.016868 0.386043 0.016867
 0.002483 0.069607 0.000087 0.927823
 0.007278 0.129538 0.016868 0.846316
 0.884672 0.021662 0.079196 0.014469
 0.321320 0.539467 0.048032 0.091181
 0.949398 0.007279 0.012073 0.031250
 0.105565 0.009676 0.875084 0.009675
 0.211043 0.064813 0.692894 0.031250
 0.060017 0.426797 0.055224 0.457962
 0.410015 0.088785 0.390841 0.110359

MOTIF 9-CTGAGCCATCTCTCCAGCCC STREME-9
letter-probability matrix: alength= 4 w= 20 nsites= 324 E= 7.5e-007
 0.010572 0.895148 0.045399 0.048880
 0.031468 0.052364 0.017539 0.898629
 0.122014 0.024504 0.828979 0.024503
 0.957832 0.003609 0.027987 0.010572
 0.062811 0.014057 0.919525 0.003607
 0.007090 0.912560 0.003609 0.076741
 0.003607 0.849875 0.024504 0.122014
 0.888181 0.031469 0.059330 0.021020
 0.045398 0.135945 0.031469 0.787187
 0.062811 0.846392 0.034952 0.055846
 0.041915 0.017539 0.041917 0.898629
 0.014055 0.860322 0.007091 0.118531
 0.142910 0.205596 0.073260 0.578234
 0.031468 0.825497 0.041917 0.101119
 0.031468 0.682713 0.010574 0.275246
 0.773257 0.017539 0.153358 0.055846
 0.066293 0.010574 0.902113 0.021020
 0.021020 0.811567 0.038434 0.128979
 0.052363 0.762811 0.017539 0.167287
 0.062811 0.762811 0.024504 0.149874

MOTIF 10-GCTCACAACCATCTGTAA STREME-10
letter-probability matrix: alength= 4 w= 18 nsites= 255 E= 1.1e-005
 0.087663 0.013983 0.875164 0.023191
 0.009375 0.925820 0.018588 0.046217
 0.004770 0.004772 0.004772 0.985685
 0.018586 0.916610 0.009377 0.055427
 0.967265 0.004772 0.004772 0.023191
 0.000165 0.819902 0.046219 0.133715
 0.884372 0.013983 0.073850 0.027796
 0.824505 0.013983 0.147532 0.013981
 0.032401 0.842928 0.037008 0.087663
 0.023191 0.783060 0.000167 0.193582
 0.760032 0.060034 0.147532 0.032401
 0.004770 0.244242 0.004772 0.746216
 0.032401 0.875164 0.032403 0.060032
 0.023191 0.087665 0.013983 0.875161
 0.235028 0.060034 0.667932 0.037006
 0.041611 0.037008 0.041614 0.879767
 0.865951 0.018588 0.078455 0.037006
 0.893582 0.032403 0.037008 0.037006

MOTIF 11-CCTGCCTCTGCCTCCY STREME-11
letter-probability matrix: alength= 4 w= 16 nsites= 682 E= 1.7e-005
 0.015892 0.777968 0.054201 0.151939
 0.007974 0.889911 0.015892 0.086223
 0.061813 0.120926 0.017476 0.799785
 0.053896 0.161171 0.683227 0.101706
 0.009558 0.757383 0.019059 0.214000
 0.009558 0.945990 0.001641 0.042811
 0.002297 0.140989 0.058647 0.798067
 0.000057 0.879752 0.018790 0.101401
 0.133106 0.144678 0.052970 0.669245
 0.091900 0.240299 0.602164 0.065637
 0.012725 0.802161 0.043469 0.141645
 0.000057 0.894661 0.007975 0.097307
 0.011141 0.007975 0.045979 0.934905
 0.003224 0.845185 0.050460 0.101131
 0.003224 0.884368 0.001641 0.110768
 0.074481 0.497146 0.070523 0.357849

MOTIF 12-AAAGCAAA STREME-12
letter-probability matrix: alength= 4 w= 8 nsites= 3539 E= 1.0e-004
 0.941779 0.004697 0.050794 0.002730
 0.838717 0.000251 0.139248 0.021784
 0.938595 0.001218 0.057929 0.002257
 0.073138 0.027977 0.870432 0.028454
 0.050143 0.788945 0.110584 0.050327
 0.948900 0.021806 0.019669 0.009626
 0.999247 0.000251 0.000251 0.000251
 0.844287 0.051375 0.083308 0.021031

MOTIF 13-AAAACAAAAMMAAA STREME-13
letter-probability matrix: alength= 4 w= 14 nsites= 762 E= 1.3e-003
 0.928155 0.065804 0.005970 0.000071
 0.988643 0.001063 0.008239 0.002054
 0.965566 0.003164 0.025250 0.006020
 0.892935 0.059474 0.033393 0.014198
 0.243489 0.523745 0.089580 0.143186
 0.831284 0.107803 0.058859 0.002054
 0.991853 0.008004 0.000072 0.000071
 0.971282 0.022626 0.000072 0.006020
 0.909757 0.027570 0.032858 0.029815
 0.314687 0.526440 0.068394 0.090479
 0.547720 0.372689 0.006493 0.073097
 0.867621 0.057887 0.005411 0.069080
 0.904456 0.021931 0.073541 0.000071
 0.767922 0.106360 0.079741 0.045977

MOTIF 14-AGGTCA STREME-14
letter-probability matrix: alength= 4 w= 6 nsites= 3580 E= 1.5e-003
 0.931682 0.022864 0.022864 0.022591
 0.022591 0.022864 0.931955 0.022591
 0.022591 0.022864 0.931955 0.022591
 0.022591 0.022864 0.022864 0.931682
 0.022591 0.931955 0.022864 0.022591
 0.931682 0.022864 0.022864 0.022591

MOTIF 15-AACTCCAGTTCCAGGGR STREME-15
letter-probability matrix: alength= 4 w= 17 nsites= 147 E= 1.6e-003
 0.854295 0.038402 0.068903 0.038399
 0.907671 0.068903 0.015527 0.007899
 0.046024 0.892424 0.015527 0.046024
 0.023149 0.007902 0.000277 0.968673
 0.015524 0.869549 0.030777 0.084150
 0.000273 0.907675 0.007902 0.084150
 0.930547 0.023152 0.038402 0.007899
 0.053649 0.015527 0.907675 0.023149
 0.030774 0.175656 0.053653 0.739917
 0.061275 0.084154 0.000277 0.854295
 0.015524 0.823798 0.046028 0.114651
 0.000273 0.915300 0.015527 0.068900
 0.907671 0.023152 0.038403 0.030774
 0.137526 0.007902 0.816173 0.038399
 0.107026 0.007902 0.884799 0.000273
 0.137526 0.023152 0.800922 0.038399
 0.335781 0.015527 0.617918 0.030774

MOTIF 16-CCTGRGTTCRATYCCCAGC STREME-16
letter-probability matrix: alength= 4 w= 19 nsites= 203 E= 3.1e-003
 0.036240 0.788261 0.051695 0.123804
 0.005335 0.865523 0.051695 0.077447
 0.000185 0.103203 0.025941 0.870671
 0.082597 0.010488 0.906729 0.000185
 0.396798 0.005338 0.592529 0.005335
 0.056843 0.036242 0.880975 0.025939
 0.000185 0.072298 0.000187 0.927330
 0.000185 0.067147 0.005338 0.927330
 0.020788 0.638888 0.031092 0.309232
 0.582226 0.077449 0.293783 0.046542
 0.757354 0.010488 0.226822 0.005335
 0.139256 0.051695 0.087751 0.721298
 0.036240 0.391648 0.067147 0.504965
 0.020788 0.855221 0.031092 0.092899
 0.036240 0.870674 0.000187 0.092899
 0.046542 0.752206 0.031092 0.170161
 0.834616 0.025941 0.128957 0.010486
 0.092899 0.046544 0.808864 0.051693
 0.149558 0.607983 0.139258 0.103201

MOTIF 17-CCCTCCCTCCCTCCCTCCCT STREME-17
letter-probability matrix: alength= 4 w= 20 nsites= 411 E= 1.8e-002
 0.008407 0.740827 0.019485 0.231281
 0.000099 0.687655 0.081558 0.230688
 0.044407 0.798940 0.019485 0.137168
 0.047177 0.000100 0.022254 0.930469
 0.000099 0.824089 0.005639 0.170173
 0.019484 0.705407 0.044408 0.230700
 0.055484 0.808623 0.000100 0.135793
 0.011176 0.052716 0.127486 0.808622
 0.008407 0.774242 0.044408 0.172942
 0.038869 0.732332 0.049947 0.178852
 0.000099 0.905546 0.005639 0.088715
 0.058254 0.155178 0.058255 0.728313
 0.061023 0.666241 0.064943 0.207793
 0.049946 0.602177 0.069332 0.278545
 0.083177 0.708930 0.041639 0.166254
 0.030561 0.121947 0.105332 0.742160
 0.000099 0.789238 0.088716 0.121946
 0.041638 0.621562 0.058255 0.278545
 0.058254 0.750468 0.047178 0.144100
 0.141331 0.224410 0.105332 0.528927

MOTIF 18-AGATAA STREME-18
letter-probability matrix: alength= 4 w= 6 nsites= 1941 E= 4.5e-002
 0.931682 0.022864 0.022864 0.022591
 0.022591 0.022864 0.931955 0.022591
 0.931682 0.022864 0.022864 0.022591
 0.022591 0.022864 0.022864 0.931682
 0.931682 0.022864 0.022864 0.022591
 0.931682 0.022864 0.022864 0.022591

MOTIF 19-ATCRATA STREME-19
letter-probability matrix: alength= 4 w= 7 nsites= 864 E= 5.3e-002
 0.791354 0.000238 0.205826 0.002582
 0.000235 0.000238 0.000238 0.999289
 0.000235 0.999292 0.000238 0.000235
 0.545545 0.000238 0.453982 0.000235
 0.999289 0.000238 0.000238 0.000235
 0.000235 0.000238 0.000238 0.999289
 0.742759 0.151910 0.000238 0.105093

MOTIF 20-CYRGGRAM STREME-20
letter-probability matrix: alength= 4 w= 8 nsites= 5795 E= 5.7e-002
 0.000185 0.999443 0.000187 0.000185
 0.000185 0.364150 0.000187 0.635478
 0.376274 0.000187 0.623354 0.000185
 0.000185 0.000187 0.999443 0.000185
 0.000185 0.000187 0.999443 0.000185
 0.486359 0.000187 0.398699 0.114755
 0.999441 0.000187 0.000187 0.000185
 0.389185 0.435614 0.000187 0.175014

MOTIF 21-ACTTGGCA STREME-21
letter-probability matrix: alength= 4 w= 8 nsites= 5800 E= 5.8e-002
 0.612033 0.114767 0.107546 0.165654
 0.000226 0.908146 0.061065 0.030564
 0.000226 0.000229 0.064775 0.934770
 0.027394 0.000229 0.072734 0.899643
 0.000226 0.007627 0.991920 0.000226
 0.000226 0.000229 0.999318 0.000226
 0.043208 0.905249 0.051316 0.000226
 0.911474 0.000229 0.000229 0.088068

MOTIF 22-ACAYACACACACACA STREME-22
letter-probability matrix: alength= 4 w= 15 nsites= 1089 E= 6.8e-002
 0.693127 0.036013 0.232623 0.038237
 0.024536 0.937544 0.000055 0.037864
 0.854054 0.000055 0.119934 0.025957
 0.007008 0.383028 0.163656 0.446308
 0.672756 0.000687 0.326503 0.000055
 0.006646 0.915400 0.028295 0.049659
 0.917295 0.012860 0.034162 0.035683
 0.000055 0.660606 0.118720 0.220619
 0.745117 0.012228 0.194201 0.048454
 0.003748 0.894483 0.005560 0.096209
 0.855149 0.058508 0.081723 0.004619
 0.039868 0.620386 0.110689 0.229057
 0.629948 0.035409 0.268527 0.066116
 0.087443 0.740624 0.005252 0.166682
 0.752384 0.067411 0.098031 0.082175

MOTIF 23-AAGAGCAGYCAGTGCT STREME-23
letter-probability matrix: alength= 4 w= 16 nsites= 180 E= 1.1e-001
 0.841543 0.054324 0.085918 0.018215
 0.922784 0.009190 0.031757 0.036269
 0.058835 0.031757 0.882165 0.027242
 0.954377 0.018217 0.018217 0.009189
 0.094943 0.013704 0.859598 0.031755
 0.013702 0.940839 0.013704 0.031755
 0.954377 0.009190 0.013704 0.022729
 0.067862 0.036271 0.873138 0.022729
 0.045295 0.345061 0.049811 0.559833
 0.117509 0.735865 0.090431 0.056195
 0.873137 0.027244 0.040784 0.058836
 0.022729 0.040784 0.895705 0.040782
 0.036269 0.040784 0.036271 0.886677
 0.076889 0.027244 0.882165 0.013702
 0.027242 0.846058 0.049811 0.076889
 0.036269 0.045297 0.022731 0.895703

MOTIF 24-CAAAGTC STREME-24
letter-probability matrix: alength= 4 w= 7 nsites= 632 E= 1.5e-001
 0.022591 0.931955 0.022864 0.022591
 0.931682 0.022864 0.022864 0.022591
 0.931682 0.022864 0.022864 0.022591
 0.931682 0.022864 0.022864 0.022591
 0.022591 0.022864 0.931955 0.022591
 0.022591 0.022864 0.022864 0.931682
 0.022591 0.931955 0.022864 0.022591

MOTIF 25-GACTTTGGACY STREME-25
letter-probability matrix: alength= 4 w= 11 nsites= 475 E= 1.6e-001
 0.000129 0.012694 0.902115 0.085062
 0.955222 0.015982 0.000754 0.028041
 0.004062 0.968957 0.026853 0.000129
 0.020944 0.072364 0.028886 0.877806
 0.054042 0.000131 0.000131 0.945697
 0.039894 0.087632 0.017454 0.855020
 0.015547 0.012416 0.942048 0.029988
 0.241649 0.025033 0.617276 0.116042
 0.816423 0.064030 0.008646 0.110901
 0.144998 0.764068 0.054871 0.036063
 0.143844 0.346010 0.000131 0.510015

MOTIF 26-ACCATGTGGKTGCTGGGA STREME-26
letter-probability matrix: alength= 4 w= 18 nsites= 206 E= 1.9e-001
 0.719383 0.033604 0.192503 0.054510
 0.004331 0.840650 0.016878 0.138141
 0.008513 0.861557 0.012696 0.117233
 0.798832 0.041967 0.108872 0.050329
 0.029421 0.142324 0.025241 0.803014
 0.058692 0.012696 0.924281 0.004331
 0.029421 0.000152 0.025241 0.945187
 0.071236 0.000152 0.924281 0.004331
 0.067055 0.037786 0.886647 0.008513
 0.079599 0.050330 0.372310 0.497761
 0.046147 0.016878 0.033604 0.903371
 0.037784 0.159051 0.702658 0.100507
 0.021058 0.823923 0.025241 0.129778
 0.050328 0.000152 0.033604 0.915916
 0.142323 0.016878 0.803016 0.037784
 0.108870 0.004333 0.857376 0.029421
 0.167412 0.041967 0.769563 0.021058
 0.761198 0.058693 0.108872 0.071236

MOTIF 27-GCCCCGCCY STREME-27
letter-probability matrix: alength= 4 w= 9 nsites= 543 E= 3.2e-001
 0.139264 0.000255 0.860230 0.000252
 0.000252 0.811290 0.000255 0.188203
 0.057927 0.764550 0.033365 0.144157
 0.246944 0.752549 0.000255 0.000252
 0.000252 0.999242 0.000255 0.000252
 0.000252 0.000255 0.999242 0.000252
 0.000252 0.999242 0.000255 0.000252
 0.000252 0.999242 0.000255 0.000252
 0.000252 0.658492 0.000255 0.341002

MOTIF 28-ATGCATGCAGTGCCY STREME-28
letter-probability matrix: alength= 4 w= 15 nsites= 139 E= 5.5e-001
 0.666139 0.000318 0.263143 0.070401
 0.044118 0.026600 0.000318 0.928964
 0.070401 0.035361 0.815077 0.079162
 0.061640 0.709947 0.070404 0.158009
 0.780030 0.035361 0.131730 0.052879
 0.000314 0.035361 0.000318 0.964007
 0.079161 0.000318 0.920207 0.000314
 0.000314 0.920207 0.000318 0.079161
 0.928964 0.000318 0.000318 0.070401
 0.079161 0.017839 0.893924 0.009075
 0.000314 0.000318 0.035361 0.964007
 0.254378 0.017840 0.604817 0.122966
 0.000314 0.972772 0.026600 0.000314
 0.061640 0.806316 0.009079 0.122965
 0.000314 0.552252 0.000318 0.447116

MOTIF 29-GAAAGAGAAA STREME-29
letter-probability matrix: alength= 4 w= 10 nsites= 104 E= 5.8e-001
 0.001450 0.001468 0.995631 0.001450
 0.995614 0.001468 0.001468 0.001450
 0.885216 0.001468 0.001468 0.111848
 0.969265 0.027816 0.001468 0.001450
 0.001450 0.001468 0.869254 0.127828
 0.995614 0.001468 0.001468 0.001450
 0.001450 0.001468 0.995631 0.001450
 0.995614 0.001468 0.001468 0.001450
 0.995614 0.001468 0.001468 0.001450
 0.995614 0.001468 0.001468 0.001450

MOTIF 30-GTTTACAGAG STREME-30
letter-probability matrix: alength= 4 w= 10 nsites= 266 E= 7.1e-001
 0.110766 0.011026 0.850128 0.028080
 0.093732 0.016698 0.050310 0.839260
 0.011905 0.116030 0.011192 0.860873
 0.013851 0.000417 0.019900 0.965833
 0.932337 0.000417 0.066834 0.000412
 0.023286 0.967628 0.000828 0.008257
 0.967641 0.011910 0.003860 0.016589
 0.026136 0.024322 0.917057 0.032485
 0.965149 0.023403 0.002516 0.008932
 0.129743 0.061911 0.733493 0.074854

MOTIF 31-CCCTGCCC STREME-31
letter-probability matrix: alength= 4 w= 8 nsites= 2146 E= 7.1e-001
 0.000510 0.998465 0.000516 0.000510
 0.000510 0.973161 0.025819 0.000510
 0.167546 0.740821 0.022087 0.069546
 0.000510 0.020338 0.005935 0.973217
 0.063982 0.139770 0.588428 0.207819
 0.023341 0.975633 0.000516 0.000510
 0.000510 0.998106 0.000875 0.000510
 0.000510 0.998381 0.000599 0.000510

MOTIF 32-TACACAGTGA STREME-32
letter-probability matrix: alength= 4 w= 10 nsites= 137 E= 9.1e-001
 0.000621 0.000629 0.000629 0.998122
 0.998122 0.000629 0.000629 0.000621
 0.000621 0.984862 0.000629 0.013889
 0.867324 0.084310 0.007819 0.040548
 0.205763 0.639695 0.000629 0.153913
 0.998122 0.000629 0.000629 0.000621
 0.060850 0.000629 0.925660 0.012861
 0.000621 0.001809 0.000629 0.996941
 0.131559 0.000629 0.858613 0.009199
 0.998122 0.000629 0.000629 0.000621

MOTIF 33-GTGACTCA STREME-33
letter-probability matrix: alength= 4 w= 8 nsites= 315 E= 1.0e+000
 0.022591 0.022864 0.931955 0.022591
 0.022591 0.022864 0.022864 0.931682
 0.022591 0.022864 0.931955 0.022591
 0.931682 0.022864 0.022864 0.022591
 0.022591 0.931955 0.022864 0.022591
 0.022591 0.022864 0.022864 0.931682
 0.022591 0.931955 0.022864 0.022591
 0.931682 0.022864 0.022864 0.022591

MOTIF 34-AAATAAA STREME-34
letter-probability matrix: alength= 4 w= 7 nsites= 617 E= 1.1e+000
 0.931682 0.022864 0.022864 0.022591
 0.931682 0.022864 0.022864 0.022591
 0.931682 0.022864 0.022864 0.022591
 0.022591 0.022864 0.022864 0.931682
 0.931682 0.022864 0.022864 0.022591
 0.931682 0.022864 0.022864 0.022591
 0.931682 0.022864 0.022864 0.022591

MOTIF 35-AGGAAG STREME-35
letter-probability matrix: alength= 4 w= 6 nsites= 5280 E= 1.4e+000
 0.931682 0.022864 0.022864 0.022591
 0.022591 0.022864 0.931955 0.022591
 0.022591 0.022864 0.931955 0.022591
 0.931682 0.022864 0.022864 0.022591
 0.931682 0.022864 0.022864 0.022591
 0.022591 0.022864 0.931955 0.022591

MOTIF 36-ACCCACACAG STREME-36
letter-probability matrix: alength= 4 w= 10 nsites= 69 E= 1.5e+000
 0.931682 0.022864 0.022864 0.022591
 0.022591 0.931955 0.022864 0.022591
 0.022591 0.931955 0.022864 0.022591
 0.022591 0.931955 0.022864 0.022591
 0.931682 0.022864 0.022864 0.022591
 0.022591 0.931955 0.022864 0.022591
 0.931682 0.022864 0.022864 0.022591
 0.022591 0.931955 0.022864 0.022591
 0.931682 0.022864 0.022864 0.022591
 0.022591 0.022864 0.931955 0.022591

MOTIF 37-CATTTCCTC STREME-37
letter-probability matrix: alength= 4 w= 9 nsites= 392 E= 1.5e+000
 0.000701 0.878847 0.044611 0.075841
 0.850189 0.000710 0.148400 0.000701
 0.017502 0.000710 0.000710 0.981078
 0.125882 0.000710 0.000710 0.872698
 0.038774 0.000710 0.045466 0.915050
 0.027436 0.902716 0.069147 0.000701
 0.017001 0.871863 0.026900 0.084235
 0.000701 0.030144 0.037197 0.931958
 0.082205 0.916384 0.000710 0.000701

MOTIF 38-AGGGCCAGCTCTMCTG STREME-38
letter-probability matrix: alength= 4 w= 16 nsites= 86 E= 1.6e+000
 0.998647 0.000453 0.000453 0.000447
 0.050357 0.000453 0.948743 0.000447
 0.175133 0.000453 0.823967 0.000447
 0.075312 0.000453 0.923788 0.000447
 0.000447 0.761581 0.000453 0.237519
 0.125222 0.774059 0.000453 0.100267
 0.961215 0.000453 0.000453 0.037880
 0.075312 0.012930 0.873878 0.037880
 0.000447 0.923788 0.012930 0.062835
 0.000447 0.012930 0.000453 0.986170
 0.000447 0.961220 0.025408 0.012925
 0.050357 0.087796 0.000453 0.861394
 0.312385 0.624327 0.000453 0.062835
 0.000447 0.973698 0.012930 0.012925
 0.100267 0.187615 0.012930 0.699188
 0.150178 0.000453 0.761580 0.087789

MOTIF 39-CCTCTGGAAGAGCAGCMA STREME-39
letter-probability matrix: alength= 4 w= 18 nsites= 61 E= 1.6e+000
 0.018784 0.726028 0.000658 0.254530
 0.073187 0.762296 0.018792 0.145724
 0.000650 0.000658 0.000658 0.998034
 0.000650 0.871102 0.036926 0.091321
 0.000650 0.055061 0.000658 0.943631
 0.000650 0.000658 0.998042 0.000650
 0.000650 0.272672 0.689759 0.036919
 0.889228 0.036926 0.073195 0.000650
 0.979900 0.000658 0.018792 0.000650
 0.091321 0.000658 0.907371 0.000650
 0.907363 0.000658 0.091329 0.000650
 0.218261 0.055061 0.726028 0.000650
 0.091321 0.707894 0.000658 0.200127
 0.925497 0.000658 0.073195 0.000650
 0.127590 0.018792 0.762297 0.091321
 0.000650 0.653491 0.109463 0.236395
 0.327066 0.544686 0.073195 0.055053
 0.889228 0.036926 0.036926 0.036919

MOTIF 40-ACTCAGAGATC STREME-40
letter-probability matrix: alength= 4 w= 11 nsites= 44 E= 1.6e+000
 0.996776 0.001079 0.001079 0.001066
 0.009975 0.809429 0.001079 0.179517
 0.001066 0.001079 0.001079 0.996776
 0.030807 0.907566 0.001079 0.060548
 0.996776 0.001079 0.001079 0.001066
 0.013410 0.001079 0.934538 0.050974
 0.833897 0.060561 0.001079 0.104463
 0.001066 0.001079 0.967048 0.030807
 0.996776 0.001079 0.001079 0.001066
 0.001066 0.001079 0.001079 0.996776
 0.001066 0.996788 0.001079 0.001066

MOTIF 41-CTTTTTAAAA STREME-41
letter-probability matrix: alength= 4 w= 10 nsites= 51 E= 1.6e+000
 0.022591 0.931955 0.022864 0.022591
 0.022591 0.022864 0.022864 0.931682
 0.022591 0.022864 0.022864 0.931682
 0.022591 0.022864 0.022864 0.931682
 0.022591 0.022864 0.022864 0.931682
 0.022591 0.022864 0.022864 0.931682
 0.931682 0.022864 0.022864 0.022591
 0.931682 0.022864 0.022864 0.022591
 0.931682 0.022864 0.022864 0.022591
 0.931682 0.022864 0.022864 0.022591

MOTIF 42-CTCCTCCC STREME-42
letter-probability matrix: alength= 4 w= 8 nsites= 625 E= 1.8e+000
 0.022591 0.931955 0.022864 0.022591
 0.022591 0.022864 0.022864 0.931682
 0.022591 0.931955 0.022864 0.022591
 0.022591 0.931955 0.022864 0.022591
 0.022591 0.022864 0.022864 0.931682
 0.022591 0.931955 0.022864 0.022591
 0.022591 0.931955 0.022864 0.022591
 0.022591 0.931955 0.022864 0.022591

MOTIF 43-GAGAAACCCTGTCTC STREME-43
letter-probability matrix: alength= 4 w= 15 nsites= 163 E= 1.8e+000
 0.081908 0.031644 0.879940 0.006508
 0.798255 0.000228 0.025361 0.176156
 0.019075 0.000228 0.980472 0.000225
 0.974186 0.000228 0.025361 0.000225
 0.779404 0.006511 0.213859 0.000225
 0.974186 0.000228 0.019078 0.006508
 0.012792 0.791973 0.050494 0.144741
 0.031641 0.911356 0.000228 0.056774
 0.025358 0.861090 0.031644 0.081908
 0.006508 0.000228 0.012794 0.980469
 0.000225 0.006511 0.967905 0.025358
 0.000225 0.044211 0.056777 0.898787
 0.044208 0.942772 0.012794 0.000225
 0.037925 0.000228 0.012794 0.949053
 0.019075 0.741707 0.031644 0.207573

MOTIF 44-GCAAACA STREME-44
letter-probability matrix: alength= 4 w= 7 nsites= 772 E= 1.9e+000
 0.022591 0.022864 0.931955 0.022591
 0.022591 0.931955 0.022864 0.022591
 0.931682 0.022864 0.022864 0.022591
 0.931682 0.022864 0.022864 0.022591
 0.931682 0.022864 0.022864 0.022591
 0.022591 0.931955 0.022864 0.022591
 0.931682 0.022864 0.022864 0.022591

MOTIF 45-AGGGCAGAGGT STREME-45
letter-probability matrix: alength= 4 w= 11 nsites= 290 E= 1.9e+000
 0.699274 0.229529 0.018765 0.052432
 0.000278 0.032793 0.932797 0.034133
 0.000278 0.042272 0.945844 0.011606
 0.055686 0.000281 0.943754 0.000278
 0.061617 0.925357 0.000281 0.012744
 0.841264 0.008036 0.140038 0.010662
 0.062491 0.040537 0.823686 0.073287
 0.736489 0.165763 0.000281 0.097467
 0.080150 0.088454 0.824603 0.006792
 0.154801 0.000281 0.811176 0.033742
 0.000278 0.000281 0.051707 0.947734

MOTIF 46-CCMGGGTCA STREME-46
letter-probability matrix: alength= 4 w= 9 nsites= 1077 E= 2.3e+000
 0.103371 0.704591 0.064253 0.127785
 0.000398 0.947313 0.002542 0.049746
 0.514869 0.436632 0.000403 0.048096
 0.000398 0.001617 0.993659 0.004326
 0.050607 0.004211 0.944784 0.000398
 0.050704 0.009521 0.937871 0.001905
 0.048172 0.018354 0.000403 0.933071
 0.022129 0.904387 0.020208 0.053277
 0.964514 0.004532 0.006789 0.024165

MOTIF 47-AAGCAAGC STREME-47
letter-probability matrix: alength= 4 w= 8 nsites= 247 E= 2.4e+000
 0.931682 0.022864 0.022864 0.022591
 0.931682 0.022864 0.022864 0.022591
 0.022591 0.022864 0.931955 0.022591
 0.022591 0.931955 0.022864 0.022591
 0.931682 0.022864 0.022864 0.022591
 0.931682 0.022864 0.022864 0.022591
 0.022591 0.022864 0.931955 0.022591
 0.022591 0.931955 0.022864 0.022591

MOTIF 48-CACGGGG STREME-48
letter-probability matrix: alength= 4 w= 7 nsites= 4272 E= 2.4e+000
 0.002655 0.995048 0.000425 0.001873
 0.816362 0.061816 0.001135 0.120688
 0.000346 0.998957 0.000350 0.000346
 0.000346 0.024922 0.974385 0.000346
 0.038381 0.048529 0.648175 0.264914
 0.068922 0.014022 0.769278 0.147777
 0.034215 0.065172 0.857294 0.043320

MOTIF 49-RAAATCAAT STREME-49
letter-probability matrix: alength= 4 w= 9 nsites= 201 E= 2.4e+000
 0.499335 0.152610 0.262327 0.085728
 0.967784 0.017282 0.000505 0.014429
 0.895218 0.009334 0.051180 0.044269
 0.998490 0.000505 0.000505 0.000499
 0.000499 0.000505 0.000505 0.998490
 0.000499 0.973961 0.000505 0.025034
 0.998490 0.000505 0.000505 0.000499
 0.998490 0.000505 0.000505 0.000499
 0.000499 0.000505 0.000505 0.998490

MOTIF 50-TGTTGCAACA STREME-50
letter-probability matrix: alength= 4 w= 10 nsites= 215 E= 6.4e+000
 0.001200 0.029307 0.096580 0.872912
 0.150859 0.001215 0.846725 0.001200
 0.058712 0.001215 0.001215 0.938859
 0.001200 0.041645 0.001215 0.955940
 0.001200 0.001215 0.996385 0.001200
 0.001200 0.996385 0.001215 0.001200
 0.955940 0.001215 0.041645 0.001200
 0.938859 0.001215 0.001215 0.058712
 0.001200 0.846725 0.001215 0.150859
 0.872912 0.096580 0.029307 0.001200

MOTIF 51-GCTGTCTTCAGACACA STREME-51
letter-probability matrix: alength= 4 w= 16 nsites= 50 E= 6.5e+000
 0.143166 0.021086 0.814670 0.021078
 0.000729 0.916410 0.041435 0.041426
 0.021078 0.000738 0.000738 0.977446
 0.082122 0.102479 0.753625 0.061774
 0.041426 0.061783 0.041435 0.855357
 0.000729 0.997803 0.000738 0.000729
 0.000729 0.061783 0.000738 0.936750
 0.021078 0.000738 0.000738 0.977446
 0.000729 0.957106 0.000738 0.041426
 0.957098 0.000738 0.000738 0.041426
 0.061774 0.000738 0.875714 0.061774
 0.957098 0.000738 0.000738 0.041426
 0.000729 0.875713 0.000738 0.122819
 0.651874 0.061783 0.122828 0.163514
 0.021078 0.875714 0.000738 0.102470
 0.936750 0.000738 0.000738 0.061774

MOTIF 52-ATTGAACTCAGGWCCTCTGG STREME-52
letter-probability matrix: alength= 4 w= 20 nsites= 66 E= 9.7e+000
 0.665712 0.079758 0.063921 0.190609
 0.032241 0.095595 0.063921 0.808243
 0.079751 0.048085 0.000575 0.871590
 0.111424 0.016411 0.839923 0.032241
 0.950773 0.000575 0.048085 0.000568
 0.982446 0.000575 0.000575 0.016404
 0.000568 0.729066 0.000575 0.269791
 0.000568 0.174778 0.016411 0.808243
 0.000568 0.887433 0.016411 0.095588
 0.919100 0.016411 0.016411 0.048078
 0.016404 0.016411 0.966617 0.000568
 0.158935 0.000575 0.824086 0.016404
 0.554856 0.063921 0.048085 0.333138
 0.048078 0.776576 0.000575 0.174771
 0.079751 0.855760 0.048085 0.016404
 0.079751 0.111431 0.000575 0.808243
 0.000568 0.950779 0.000575 0.048079
 0.158935 0.143105 0.032248 0.665712
 0.143099 0.000575 0.776576 0.079751
 0.111424 0.032248 0.839923 0.016404

********************************************************************************
Stopped because 3 consecutive motifs exceeded the p-value threshold (0.05).
********************************************************************************
COMMAND:	streme --verbosity 1 --oc /ocean/projects/bio230007p/sujathab/Motif_analysis/output/meme_chip_mouse_enhancer/streme_out -dna --p /ocean/projects/bio230007p/sujathab/Motif_analysis/output/meme_chip_mouse_enhancer/seqs-centered --minw 6 --maxw 20 --order 2
********************************************************************************
CPU:		r025.ib.bridges2.psc.edu
********************************************************************************
FINALTIME:	18179.92 seconds
********************************************************************************
