********************************************************************************
STREME - Sensitive, Thorough, Rapid, Enriched Motif Elicitation
********************************************************************************
MEME version 5.4.1 (Release date: Sat Aug 21 19:23:23 2021 -0700)

For further information on how to interpret these results please access https://meme-suite.org/meme.
To get a copy of the MEME Suite software please access https://meme-suite.org.

********************************************************************************


********************************************************************************
REFERENCE
********************************************************************************
If you use this program in your research, please cite:

Timothy L. Bailey,
"STREME: accurate and versatile sequence motif discovery",
Bioinformatics, Mar. 24, 2021.
********************************************************************************


ALPHABET= ACGT

strands: + -

Background letter frequencies
A 0.265 C 0.235 G 0.235 T 0.265 

MOTIF 1-CCACYAGRKGGCRSYADW STREME-1
letter-probability matrix: alength= 4 w= 18 nsites= 783 E= 3.4e-013
 0.068956 0.862037 0.022039 0.046967
 0.000056 0.983713 0.004448 0.011784
 0.908955 0.007380 0.017641 0.066025
 0.045501 0.689053 0.252196 0.013250
 0.186234 0.293243 0.024971 0.495552
 0.925080 0.001516 0.042563 0.030841
 0.001522 0.002982 0.992508 0.002988
 0.570317 0.005914 0.423714 0.000056
 0.027909 0.002982 0.432510 0.536599
 0.010318 0.000050 0.989576 0.000056
 0.016182 0.010311 0.872299 0.101208
 0.055763 0.882561 0.002982 0.058695
 0.640683 0.005914 0.329892 0.023512
 0.118799 0.413452 0.409054 0.058695
 0.162778 0.284447 0.086542 0.466233
 0.514610 0.167170 0.247798 0.070422
 0.222883 0.151044 0.243400 0.382673
 0.381207 0.140782 0.174500 0.303511

MOTIF 2-AGGAARY STREME-2
letter-probability matrix: alength= 4 w= 7 nsites= 3420 E= 1.3e-008
 0.937378 0.019542 0.019601 0.023479
 0.035685 0.004971 0.959205 0.000139
 0.000139 0.063162 0.917690 0.019009
 0.984246 0.008361 0.000123 0.007270
 0.998733 0.001005 0.000123 0.000139
 0.478991 0.000123 0.520747 0.000139
 0.031687 0.525229 0.106518 0.336565

MOTIF 3-CCCCWCCCCCMCC STREME-3
letter-probability matrix: alength= 4 w= 13 nsites= 751 E= 6.5e-005
 0.010826 0.977745 0.000056 0.011373
 0.029055 0.900138 0.047694 0.023112
 0.000063 0.966743 0.001712 0.031482
 0.033039 0.903539 0.028892 0.034529
 0.481446 0.120410 0.137896 0.260248
 0.056899 0.863931 0.024997 0.054172
 0.019370 0.913714 0.046420 0.020496
 0.053598 0.916478 0.023238 0.006687
 0.014966 0.860177 0.000056 0.124801
 0.153180 0.720865 0.009991 0.115964
 0.431054 0.244378 0.210301 0.114267
 0.109899 0.653435 0.158189 0.078477
 0.080835 0.757475 0.024894 0.136796

MOTIF 4-WRYAAAYA STREME-4
letter-probability matrix: alength= 4 w= 8 nsites= 2586 E= 9.3e-005
 0.557565 0.000138 0.000138 0.442159
 0.602206 0.000138 0.397501 0.000156
 0.000156 0.365965 0.000138 0.633742
 0.999569 0.000138 0.000138 0.000156
 0.999569 0.000138 0.000138 0.000156
 0.999569 0.000138 0.000138 0.000156
 0.000156 0.364745 0.000138 0.634961
 0.720882 0.000138 0.278825 0.000156

MOTIF 5-AAGTCA STREME-5
letter-probability matrix: alength= 4 w= 6 nsites= 8329 E= 3.5e-003
 0.717542 0.001304 0.257324 0.023830
 0.781961 0.037612 0.158248 0.022179
 0.055964 0.084023 0.859760 0.000253
 0.007900 0.080552 0.016729 0.894819
 0.037590 0.931762 0.005578 0.025070
 0.968656 0.004429 0.026582 0.000332

MOTIF 6-TMCCCA STREME-6
letter-probability matrix: alength= 4 w= 6 nsites= 2628 E= 5.8e-003
 0.001086 0.000962 0.000962 0.996990
 0.491295 0.506657 0.000962 0.001086
 0.001086 0.990579 0.007249 0.001086
 0.001086 0.996670 0.001158 0.001086
 0.001086 0.984155 0.013673 0.001086
 0.875306 0.000962 0.122646 0.001086

MOTIF 7-AGCAAAG STREME-7
letter-probability matrix: alength= 4 w= 7 nsites= 3262 E= 1.6e-002
 0.894434 0.019872 0.080837 0.004858
 0.031673 0.036998 0.915388 0.015941
 0.000453 0.855575 0.119846 0.024125
 0.883303 0.082481 0.008061 0.026154
 0.805221 0.000402 0.183307 0.011070
 0.878926 0.015767 0.029382 0.075925
 0.001508 0.055155 0.939932 0.003405

MOTIF 8-GGMCAGCCWGGGCTACAYAG STREME-8
letter-probability matrix: alength= 4 w= 20 nsites= 90 E= 8.8e-002
 0.000471 0.000418 0.998640 0.000471
 0.012795 0.000418 0.937023 0.049765
 0.567362 0.333162 0.099005 0.000471
 0.000471 0.887729 0.000418 0.111382
 0.998693 0.000418 0.000418 0.000471
 0.111382 0.012741 0.850759 0.025118
 0.000471 0.949346 0.037388 0.012795
 0.086735 0.912376 0.000418 0.000471
 0.530392 0.012741 0.049711 0.407156
 0.099058 0.000418 0.801466 0.099058
 0.074412 0.000418 0.900053 0.025118
 0.136029 0.000418 0.616601 0.246952
 0.037441 0.912376 0.000418 0.049765
 0.000471 0.012741 0.000418 0.986370
 0.863136 0.012741 0.086681 0.037441
 0.000471 0.715195 0.037388 0.246946
 0.826166 0.099005 0.074358 0.000471
 0.136034 0.468722 0.160629 0.234615
 0.900107 0.000418 0.074358 0.025118
 0.160675 0.037388 0.776819 0.025118

MOTIF 9-CAGCATC STREME-9
letter-probability matrix: alength= 4 w= 7 nsites= 736 E= 2.1e-001
 0.001309 0.895437 0.001160 0.102094
 0.909691 0.067160 0.021841 0.001309
 0.001309 0.001160 0.840565 0.156966
 0.001309 0.996222 0.001160 0.001309
 0.861356 0.001160 0.136176 0.001309
 0.001309 0.001160 0.001160 0.996372
 0.001309 0.996222 0.001160 0.001309

MOTIF 10-AGGCAGAGC STREME-10
letter-probability matrix: alength= 4 w= 9 nsites= 84 E= 2.2e-001
 0.995939 0.001298 0.001298 0.001465
 0.001465 0.108208 0.888862 0.001465
 0.001465 0.001298 0.995772 0.001465
 0.001465 0.995772 0.001298 0.001465
 0.981742 0.015495 0.001298 0.001465
 0.001465 0.001298 0.995772 0.001465
 0.806898 0.190339 0.001298 0.001465
 0.001465 0.001298 0.995772 0.001465
 0.001465 0.995772 0.001298 0.001465

MOTIF 11-TATTTTAAA STREME-11
letter-probability matrix: alength= 4 w= 9 nsites= 671 E= 3.0e-001
 0.047323 0.102155 0.033638 0.816884
 0.783191 0.000403 0.099135 0.117271
 0.000455 0.039351 0.000403 0.959792
 0.035836 0.033885 0.000403 0.929876
 0.000455 0.018657 0.014304 0.966584
 0.000455 0.033590 0.026109 0.939847
 0.879889 0.031179 0.000403 0.088529
 0.948999 0.050144 0.000403 0.000455
 0.876299 0.000403 0.080624 0.042674

MOTIF 12-CTCTSTCTCTSTCTC STREME-12
letter-probability matrix: alength= 4 w= 15 nsites= 230 E= 3.3e-001
 0.026128 0.840178 0.133470 0.000224
 0.017826 0.065508 0.071823 0.844843
 0.017826 0.835286 0.029535 0.117353
 0.023693 0.000199 0.017800 0.958308
 0.026128 0.319592 0.545717 0.108563
 0.006092 0.097569 0.000199 0.896140
 0.094099 0.897175 0.002634 0.006092
 0.047162 0.175194 0.058871 0.718773
 0.034929 0.836566 0.055439 0.073066
 0.053029 0.053004 0.017800 0.876167
 0.006092 0.294406 0.554074 0.145429
 0.006092 0.093473 0.026103 0.874333
 0.114136 0.734370 0.104332 0.047162
 0.127059 0.057852 0.047136 0.767952
 0.029560 0.744012 0.047136 0.179292

MOTIF 13-AAAATAAAA STREME-13
letter-probability matrix: alength= 4 w= 9 nsites= 655 E= 3.3e-001
 0.961767 0.036827 0.000661 0.000745
 0.934657 0.000661 0.063937 0.000745
 0.902317 0.000661 0.034000 0.063022
 0.924620 0.000661 0.040396 0.034324
 0.000745 0.069657 0.000661 0.928937
 0.896830 0.000661 0.101764 0.000745
 0.880442 0.057187 0.034136 0.028235
 0.873765 0.000661 0.047963 0.077612
 0.881496 0.000661 0.089010 0.028834

MOTIF 14-AAAAAAAAMAAAAAAAAA STREME-14
letter-probability matrix: alength= 4 w= 18 nsites= 224 E= 3.7e-001
 0.991855 0.002057 0.000192 0.005895
 0.999398 0.000192 0.000192 0.000217
 0.665820 0.122499 0.149008 0.062673
 0.702928 0.222851 0.045615 0.028606
 0.968170 0.028582 0.003031 0.000217
 0.822708 0.176883 0.000192 0.000217
 0.908537 0.000192 0.091053 0.000217
 0.993720 0.005870 0.000192 0.000217
 0.605688 0.371191 0.011548 0.011573
 0.993720 0.000192 0.005870 0.000217
 0.834726 0.000192 0.159187 0.005895
 0.878268 0.121323 0.000192 0.000217
 0.976687 0.000192 0.011548 0.011573
 0.692644 0.269451 0.032009 0.005895
 0.636288 0.162205 0.195612 0.005895
 0.838061 0.065005 0.096716 0.000217
 0.962190 0.000192 0.037401 0.000217
 0.898769 0.089466 0.005870 0.005895

MOTIF 15-GAAACCCTGTCTCRA STREME-15
letter-probability matrix: alength= 4 w= 15 nsites= 91 E= 4.4e-001
 0.049324 0.010122 0.940180 0.000374
 0.793374 0.049281 0.127600 0.029744
 0.675895 0.049281 0.215710 0.059114
 0.969592 0.000332 0.000332 0.029744
 0.010164 0.852071 0.010122 0.127643
 0.059114 0.842281 0.029701 0.068904
 0.049324 0.832491 0.039491 0.078694
 0.108063 0.000332 0.019912 0.871693
 0.059114 0.000332 0.930390 0.010164
 0.010164 0.117811 0.000332 0.871693
 0.019954 0.979340 0.000332 0.000374
 0.010164 0.010122 0.019912 0.959802
 0.039534 0.617111 0.068861 0.274494
 0.480089 0.088441 0.421306 0.010164
 0.734635 0.108021 0.108021 0.049324

MOTIF 16-AYCGAG STREME-16
letter-probability matrix: alength= 4 w= 6 nsites= 584 E= 6.7e-001
 0.996685 0.001060 0.001060 0.001196
 0.001196 0.628733 0.001060 0.369011
 0.001196 0.996549 0.001060 0.001196
 0.001196 0.001060 0.996549 0.001196
 0.954854 0.042891 0.001060 0.001196
 0.001196 0.096980 0.604956 0.296868

MOTIF 17-AATCCCAGCACTYRGGAGGC STREME-17
letter-probability matrix: alength= 4 w= 20 nsites= 73 E= 8.7e-001
 0.911694 0.029414 0.043876 0.015015
 0.897231 0.000490 0.101725 0.000553
 0.029477 0.058339 0.000490 0.911694
 0.029477 0.897169 0.014952 0.058402
 0.029477 0.795934 0.000490 0.174098
 0.058402 0.882707 0.000490 0.058402
 0.998467 0.000490 0.000490 0.000553
 0.015015 0.000490 0.983942 0.000553
 0.029477 0.795934 0.072801 0.101788
 0.882770 0.087263 0.029414 0.000553
 0.029477 0.882707 0.000490 0.087326
 0.029477 0.101725 0.043876 0.824921
 0.000553 0.405435 0.101725 0.492287
 0.304257 0.000490 0.607927 0.087326
 0.188560 0.000490 0.810396 0.000553
 0.101788 0.000490 0.882707 0.015015
 0.882770 0.029414 0.014952 0.072864
 0.130712 0.014952 0.810396 0.043939
 0.145174 0.058339 0.795934 0.000553
 0.058402 0.810396 0.014952 0.116250

MOTIF 18-AAAGGYRTGYGCCACCAYD STREME-18
letter-probability matrix: alength= 4 w= 19 nsites= 51 E= 8.7e-001
 0.975500 0.000751 0.022902 0.000847
 0.621081 0.177960 0.111507 0.089452
 0.997651 0.000751 0.000751 0.000847
 0.045150 0.000751 0.953253 0.000847
 0.133754 0.045053 0.820345 0.000847
 0.000847 0.421623 0.022902 0.554628
 0.355266 0.022902 0.576682 0.045150
 0.089452 0.000751 0.000751 0.909047
 0.089452 0.022902 0.886799 0.000847
 0.089452 0.443775 0.067204 0.399569
 0.288813 0.022902 0.687438 0.000847
 0.022998 0.975404 0.000751 0.000847
 0.000847 0.953253 0.000751 0.045150
 0.953349 0.000751 0.000751 0.045150
 0.089452 0.908950 0.000751 0.000847
 0.045150 0.886799 0.000751 0.067301
 0.886896 0.089355 0.022902 0.000847
 0.022998 0.598834 0.067204 0.310964
 0.443872 0.000751 0.310867 0.244510

MOTIF 19-CTCCTCTTCCTC STREME-19
letter-probability matrix: alength= 4 w= 12 nsites= 39 E= 8.7e-001
 0.001354 0.889882 0.001200 0.107565
 0.072155 0.001200 0.072001 0.854644
 0.008173 0.989274 0.001200 0.001354
 0.036754 0.960693 0.001200 0.001354
 0.001354 0.001200 0.001200 0.996247
 0.001354 0.996093 0.001200 0.001354
 0.001354 0.001200 0.036600 0.960846
 0.072155 0.001200 0.001200 0.925446
 0.036754 0.960693 0.001200 0.001354
 0.001354 0.996093 0.001200 0.001354
 0.036754 0.119212 0.001200 0.842834
 0.036754 0.960693 0.001200 0.001354

MOTIF 20-AGTWACT STREME-20
letter-probability matrix: alength= 4 w= 7 nsites= 1155 E= 8.8e-001
 0.723801 0.110202 0.075407 0.090590
 0.040420 0.036123 0.883253 0.040204
 0.005969 0.057413 0.019626 0.916992
 0.431169 0.068831 0.068831 0.431169
 0.916992 0.019626 0.057413 0.005969
 0.040204 0.883253 0.036123 0.040420
 0.090590 0.075407 0.110202 0.723801

MOTIF 21-CCAAGGC STREME-21
letter-probability matrix: alength= 4 w= 7 nsites= 2746 E= 9.1e-001
 0.000338 0.999023 0.000300 0.000338
 0.102293 0.699545 0.148612 0.049550
 0.696600 0.000300 0.277677 0.025423
 0.641588 0.115837 0.154587 0.087988
 0.045340 0.133805 0.820517 0.000338
 0.000338 0.000300 0.910677 0.088685
 0.064356 0.935006 0.000300 0.000338

MOTIF 22-ACACACATACACAYA STREME-22
letter-probability matrix: alength= 4 w= 15 nsites= 363 E= 1.1e+000
 0.902329 0.006072 0.091375 0.000225
 0.011971 0.669877 0.041310 0.276842
 0.951261 0.000199 0.048315 0.000225
 0.017844 0.794459 0.050469 0.137228
 0.839909 0.000199 0.088644 0.071249
 0.023058 0.851617 0.007637 0.117688
 0.917154 0.011945 0.053057 0.017844
 0.017844 0.297404 0.072600 0.612152
 0.670332 0.029564 0.250457 0.049646
 0.029590 0.819220 0.013323 0.137867
 0.898734 0.000199 0.047184 0.053884
 0.000225 0.875252 0.011945 0.112578
 0.946520 0.006072 0.047183 0.000225
 0.031193 0.457255 0.041583 0.469969
 0.835444 0.023691 0.074337 0.066528

MOTIF 23-AGGCAGG STREME-23
letter-probability matrix: alength= 4 w= 7 nsites= 716 E= 1.2e+000
 0.933191 0.021355 0.021355 0.024100
 0.024100 0.021355 0.930445 0.024100
 0.024100 0.021355 0.930445 0.024100
 0.024100 0.930445 0.021355 0.024100
 0.933191 0.021355 0.021355 0.024100
 0.024100 0.021355 0.930445 0.024100
 0.024100 0.021355 0.930445 0.024100

MOTIF 24-AGAAATGA STREME-24
letter-probability matrix: alength= 4 w= 8 nsites= 189 E= 1.2e+000
 0.965379 0.032363 0.001061 0.001197
 0.001197 0.001061 0.996545 0.001197
 0.996681 0.001061 0.001061 0.001197
 0.996681 0.001061 0.001061 0.001197
 0.996681 0.001061 0.001061 0.001197
 0.001197 0.269828 0.001061 0.727914
 0.001197 0.001061 0.996545 0.001197
 0.996681 0.001061 0.001061 0.001197

MOTIF 25-AGCAACCACA STREME-25
letter-probability matrix: alength= 4 w= 10 nsites= 86 E= 1.3e+000
 0.976514 0.021954 0.000720 0.000812
 0.000812 0.040338 0.816213 0.142637
 0.000812 0.938394 0.000720 0.060074
 0.976514 0.000720 0.021954 0.000812
 0.997749 0.000720 0.000720 0.000812
 0.000812 0.870235 0.000720 0.128233
 0.114448 0.884020 0.000720 0.000812
 0.875083 0.000720 0.043189 0.081009
 0.000812 0.997656 0.000720 0.000812
 0.997749 0.000720 0.000720 0.000812

MOTIF 26-ACCACATCCTC STREME-26
letter-probability matrix: alength= 4 w= 11 nsites= 62 E= 3.1e+000
 0.997680 0.000741 0.000741 0.000837
 0.000837 0.997585 0.000741 0.000837
 0.000837 0.822559 0.044498 0.132107
 0.857327 0.000741 0.000741 0.141190
 0.000837 0.997585 0.000741 0.000837
 0.800775 0.000741 0.197647 0.000837
 0.044593 0.059334 0.000741 0.895332
 0.075552 0.798641 0.000741 0.125066
 0.000837 0.997585 0.000741 0.000837
 0.088352 0.000741 0.000741 0.910165
 0.044594 0.652098 0.127434 0.175874

MOTIF 27-CTCAGAGATCA STREME-27
letter-probability matrix: alength= 4 w= 11 nsites= 85 E= 3.2e+000
 0.031466 0.930137 0.000523 0.037873
 0.046561 0.093158 0.000523 0.859758
 0.016028 0.930136 0.053245 0.000590
 0.813105 0.139466 0.000523 0.046906
 0.000590 0.000523 0.998296 0.000590
 0.998363 0.000523 0.000523 0.000590
 0.031467 0.000523 0.905667 0.062343
 0.888102 0.000523 0.031400 0.079976
 0.062346 0.154916 0.077719 0.705019
 0.000590 0.998296 0.000523 0.000590
 0.663693 0.077715 0.216656 0.041935

MOTIF 28-CTGAGCCATCTCTCYAGC STREME-28
letter-probability matrix: alength= 4 w= 18 nsites= 31 E= 3.5e+000
 0.035624 0.858965 0.069787 0.035624
 0.001312 0.035475 0.035475 0.927738
 0.001312 0.001163 0.996213 0.001312
 0.927738 0.069787 0.001163 0.001312
 0.207184 0.069787 0.687405 0.035624
 0.001312 0.996213 0.001163 0.001312
 0.069936 0.653093 0.001163 0.275808
 0.962050 0.001163 0.035475 0.001312
 0.001312 0.138410 0.001163 0.859114
 0.035624 0.893277 0.069787 0.001312
 0.001312 0.035475 0.001163 0.962050
 0.001312 0.893277 0.001163 0.104248
 0.207184 0.001163 0.035475 0.756179
 0.035624 0.927589 0.001163 0.035624
 0.035624 0.550158 0.001163 0.413055
 0.790491 0.001163 0.138410 0.069936
 0.069936 0.069787 0.858965 0.001312
 0.104248 0.721717 0.001163 0.172872

********************************************************************************
Stopped because 3 consecutive motifs exceeded the p-value threshold (0.05).
********************************************************************************
COMMAND:	streme --verbosity 1 --oc /ocean/projects/bio230007p/sujathab/Motif_analysis/output/meme_chip_human_specific_enhancer/streme_out -dna --p /ocean/projects/bio230007p/sujathab/Motif_analysis/output/meme_chip_human_specific_enhancer/seqs-centered --minw 6 --maxw 20 --order 2
********************************************************************************
CPU:		r025.ib.bridges2.psc.edu
********************************************************************************
FINALTIME:	2125.55 seconds
********************************************************************************
