********************************************************************************
STREME - Sensitive, Thorough, Rapid, Enriched Motif Elicitation
********************************************************************************
MEME version 5.4.1 (Release date: Sat Aug 21 19:23:23 2021 -0700)

For further information on how to interpret these results please access https://meme-suite.org/meme.
To get a copy of the MEME Suite software please access https://meme-suite.org.

********************************************************************************


********************************************************************************
REFERENCE
********************************************************************************
If you use this program in your research, please cite:

Timothy L. Bailey,
"STREME: accurate and versatile sequence motif discovery",
Bioinformatics, Mar. 24, 2021.
********************************************************************************


ALPHABET= ACGT

strands: + -

Background letter frequencies
A 0.259 C 0.241 G 0.241 T 0.259 

MOTIF 1-CCACYAGRKGGCRSYRKW STREME-1
letter-probability matrix: alength= 4 w= 18 nsites= 2523 E= 4.6e-060
 0.093277 0.830262 0.025037 0.051424
 0.000017 0.997676 0.000926 0.001382
 0.876666 0.006385 0.050058 0.066892
 0.031862 0.647380 0.310278 0.010480
 0.150599 0.359865 0.037775 0.451762
 0.927163 0.009569 0.036865 0.026403
 0.000017 0.000926 0.998585 0.000472
 0.490431 0.001381 0.508172 0.000017
 0.017304 0.007295 0.492704 0.482697
 0.005931 0.000016 0.994036 0.000017
 0.010935 0.010479 0.892132 0.086453
 0.075535 0.860287 0.005930 0.058248
 0.572318 0.005020 0.400808 0.021854
 0.102831 0.457674 0.399444 0.040051
 0.119663 0.344397 0.077809 0.458131
 0.452217 0.221566 0.266149 0.060068
 0.182444 0.169704 0.268879 0.378973
 0.353497 0.151052 0.176073 0.319377

MOTIF 2-AGGAARY STREME-2
letter-probability matrix: alength= 4 w= 7 nsites= 6321 E= 2.5e-007
 0.865494 0.001942 0.125183 0.007382
 0.010228 0.010936 0.972245 0.006591
 0.013118 0.100706 0.822966 0.063209
 0.987039 0.009520 0.003338 0.000102
 0.982875 0.007299 0.004706 0.005120
 0.561072 0.000095 0.438730 0.000102
 0.051745 0.510801 0.061491 0.375962

MOTIF 3-CCCCACCCCC STREME-3
letter-probability matrix: alength= 4 w= 10 nsites= 1090 E= 3.7e-004
 0.000104 0.977757 0.000096 0.022043
 0.000104 0.999696 0.000096 0.000104
 0.000104 0.990881 0.008912 0.000104
 0.015542 0.980522 0.000096 0.003840
 0.541648 0.050709 0.261736 0.145906
 0.083732 0.889750 0.000096 0.026421
 0.000104 0.975575 0.009145 0.015177
 0.000104 0.953934 0.020946 0.025017
 0.020207 0.843236 0.046401 0.090156
 0.146101 0.673514 0.063319 0.117066

MOTIF 4-AAAGCAAA STREME-4
letter-probability matrix: alength= 4 w= 8 nsites= 3702 E= 4.0e-003
 0.979278 0.020164 0.000269 0.000289
 0.978677 0.000269 0.000269 0.020785
 0.981337 0.000269 0.000269 0.018125
 0.108634 0.235608 0.625965 0.029793
 0.054397 0.762145 0.183169 0.000289
 0.870268 0.106676 0.022767 0.000289
 0.756792 0.031165 0.211753 0.000289
 0.866792 0.072355 0.033005 0.027848

MOTIF 5-RTAAATA STREME-5
letter-probability matrix: alength= 4 w= 7 nsites= 3817 E= 7.9e-003
 0.411662 0.000144 0.516596 0.071598
 0.090906 0.112361 0.000144 0.796589
 0.978703 0.020997 0.000144 0.000156
 0.999555 0.000144 0.000144 0.000156
 0.923997 0.018740 0.000144 0.057119
 0.000156 0.176609 0.000144 0.823091
 0.953260 0.000144 0.046439 0.000156

MOTIF 6-AGGAAG STREME-6
letter-probability matrix: alength= 4 w= 6 nsites= 1891 E= 1.2e-002
 0.932655 0.021891 0.021891 0.023564
 0.023564 0.021891 0.930982 0.023564
 0.023564 0.021891 0.930982 0.023564
 0.932655 0.021891 0.021891 0.023564
 0.932655 0.021891 0.021891 0.023564
 0.023564 0.021891 0.930982 0.023564

MOTIF 7-AGAAACCCTGTCT STREME-7
letter-probability matrix: alength= 4 w= 13 nsites= 88 E= 1.5e-002
 0.959423 0.039635 0.000454 0.000488
 0.026610 0.104938 0.867964 0.000488
 0.920241 0.000454 0.000454 0.078851
 0.823397 0.000454 0.175661 0.000488
 0.972483 0.000454 0.026575 0.000488
 0.000488 0.854903 0.000454 0.144155
 0.026610 0.972448 0.000454 0.000488
 0.000488 0.920207 0.039635 0.039670
 0.000488 0.039635 0.013514 0.946362
 0.052730 0.000454 0.867965 0.078851
 0.183336 0.052696 0.000454 0.763514
 0.013549 0.985509 0.000454 0.000488
 0.013549 0.039635 0.000454 0.946362

MOTIF 8-CAAAGGTCA STREME-8
letter-probability matrix: alength= 4 w= 9 nsites= 1806 E= 3.7e-002
 0.003608 0.785986 0.060291 0.150115
 0.651445 0.253003 0.020448 0.075104
 0.760119 0.005536 0.224144 0.010201
 0.933379 0.057670 0.006533 0.002418
 0.062056 0.023251 0.871693 0.043000
 0.005574 0.007072 0.895801 0.091553
 0.008091 0.032907 0.171724 0.787278
 0.005405 0.797598 0.139442 0.057554
 0.961195 0.010106 0.023706 0.004993

MOTIF 9-CAGCCTGGKCTACANAG STREME-9
letter-probability matrix: alength= 4 w= 17 nsites= 137 E= 5.1e-002
 0.000283 0.938634 0.030531 0.030552
 0.938654 0.022964 0.007830 0.030552
 0.091089 0.015397 0.893231 0.000283
 0.000283 0.923500 0.030531 0.045686
 0.015417 0.878097 0.007830 0.098656
 0.212167 0.000263 0.022964 0.764606
 0.121358 0.000263 0.878096 0.000283
 0.022984 0.022964 0.946201 0.007850
 0.091089 0.015397 0.386191 0.507323
 0.022984 0.938634 0.000263 0.038119
 0.038119 0.022964 0.007830 0.931087
 0.885684 0.038099 0.000263 0.075954
 0.022984 0.802423 0.022964 0.151628
 0.961356 0.007830 0.030531 0.000283
 0.234888 0.257550 0.257563 0.249999
 0.900818 0.000263 0.075934 0.022984
 0.159193 0.045666 0.787291 0.007850

MOTIF 10-AAAAAAAAAAAAAAAAAAAS STREME-10
letter-probability matrix: alength= 4 w= 20 nsites= 461 E= 7.9e-002
 0.943737 0.000089 0.010285 0.045890
 0.961492 0.023030 0.007736 0.007742
 0.886297 0.089304 0.014108 0.010291
 0.696225 0.174705 0.121328 0.007742
 0.737161 0.229518 0.033226 0.000095
 0.923257 0.063815 0.012834 0.000095
 0.966591 0.020481 0.000089 0.012840
 0.719317 0.196371 0.084216 0.000095
 0.883747 0.089305 0.026853 0.000095
 0.800888 0.178536 0.017932 0.002644
 0.878648 0.110972 0.005187 0.005193
 0.711670 0.140293 0.145392 0.002644
 0.907964 0.058716 0.000089 0.033232
 0.832983 0.140286 0.016440 0.010291
 0.739711 0.183634 0.066363 0.010291
 0.650711 0.175979 0.163019 0.010291
 0.816198 0.114794 0.066363 0.002644
 0.921983 0.061265 0.016657 0.000095
 0.879697 0.042374 0.000089 0.077841
 0.052383 0.565028 0.338527 0.044062

MOTIF 11-AGGGAGRGRRRGAGRGR STREME-11
letter-probability matrix: alength= 4 w= 17 nsites= 1171 E= 1.3e-001
 0.651593 0.094955 0.177415 0.076037
 0.000034 0.000032 0.976703 0.023231
 0.016808 0.038859 0.944298 0.000034
 0.311396 0.053348 0.635221 0.000034
 0.873568 0.034715 0.000032 0.091685
 0.109406 0.019199 0.794693 0.076703
 0.390307 0.000944 0.608714 0.000034
 0.276638 0.079438 0.563569 0.080354
 0.495632 0.021024 0.455016 0.028328
 0.316973 0.000944 0.621809 0.060274
 0.367722 0.073962 0.529988 0.028328
 0.255491 0.125075 0.580154 0.039281
 0.590633 0.120511 0.226757 0.062099
 0.141885 0.013723 0.762747 0.081645
 0.370227 0.041104 0.588635 0.000034
 0.258921 0.070311 0.615057 0.055710
 0.462149 0.158311 0.344822 0.034718

MOTIF 12-CAAAGGC STREME-12
letter-probability matrix: alength= 4 w= 7 nsites= 4141 E= 1.7e-001
 0.000373 0.998907 0.000347 0.000373
 0.545556 0.206585 0.231720 0.016138
 0.998933 0.000347 0.000347 0.000373
 0.781219 0.118485 0.077168 0.023129
 0.000373 0.003858 0.853431 0.142338
 0.128740 0.092668 0.523898 0.254695
 0.031019 0.968262 0.000347 0.000373

MOTIF 13-GTGCTGGGATTAAA STREME-13
letter-probability matrix: alength= 4 w= 14 nsites= 76 E= 2.3e-001
 0.088589 0.029857 0.881005 0.000549
 0.000549 0.000510 0.000510 0.998432
 0.088589 0.029856 0.851659 0.029895
 0.000549 0.998393 0.000510 0.000549
 0.000549 0.000510 0.000510 0.998432
 0.088589 0.000510 0.866333 0.044569
 0.147282 0.000510 0.807639 0.044569
 0.000549 0.000510 0.983719 0.015222
 0.998432 0.000510 0.000510 0.000549
 0.000549 0.044530 0.000510 0.954411
 0.000549 0.044530 0.000510 0.954412
 0.925065 0.000510 0.073877 0.000549
 0.616922 0.147244 0.059204 0.176630
 0.866370 0.000510 0.132571 0.000549

MOTIF 14-ACACACACAYACACAC STREME-14
letter-probability matrix: alength= 4 w= 16 nsites= 546 E= 2.9e-001
 0.887558 0.000127 0.107211 0.005104
 0.015410 0.771622 0.000127 0.212842
 0.905984 0.003771 0.075531 0.014714
 0.032937 0.783469 0.067289 0.116306
 0.932188 0.011060 0.011060 0.045692
 0.014714 0.702140 0.024027 0.259119
 0.766861 0.018688 0.214314 0.000136
 0.007425 0.641600 0.086293 0.264681
 0.779951 0.014705 0.092751 0.112593
 0.027873 0.521278 0.056588 0.394262
 0.777079 0.014705 0.182568 0.025648
 0.003781 0.853292 0.000127 0.142801
 0.950720 0.008928 0.018349 0.022003
 0.000136 0.696659 0.048739 0.254466
 0.827922 0.042590 0.113704 0.015784
 0.139094 0.633121 0.018935 0.208849

MOTIF 15-CKGTTCCCA STREME-15
letter-probability matrix: alength= 4 w= 9 nsites= 117 E= 3.3e-001
 0.001608 0.995290 0.001494 0.001608
 0.001608 0.001494 0.420144 0.576754
 0.001608 0.001494 0.995290 0.001608
 0.001608 0.001494 0.001494 0.995404
 0.001608 0.001494 0.001494 0.995404
 0.001608 0.995290 0.001494 0.001608
 0.001608 0.995290 0.001494 0.001608
 0.001608 0.995290 0.001494 0.001608
 0.995404 0.001494 0.001494 0.001608

MOTIF 16-AAGCAA STREME-16
letter-probability matrix: alength= 4 w= 6 nsites= 1008 E= 4.4e-001
 0.932655 0.021891 0.021891 0.023564
 0.932655 0.021891 0.021891 0.023564
 0.023564 0.021891 0.930982 0.023564
 0.023564 0.930982 0.021891 0.023564
 0.932655 0.021891 0.021891 0.023564
 0.932655 0.021891 0.021891 0.023564

MOTIF 17-CCTGCCTCTGCCTCCCRA STREME-17
letter-probability matrix: alength= 4 w= 18 nsites= 81 E= 4.7e-001
 0.000504 0.917602 0.000469 0.081425
 0.000504 0.904115 0.040929 0.054451
 0.000504 0.054416 0.000469 0.944612
 0.040965 0.040929 0.890629 0.027478
 0.000504 0.890629 0.027442 0.081425
 0.000504 0.917602 0.013955 0.067938
 0.013991 0.040929 0.000469 0.944612
 0.000504 0.971549 0.000469 0.027478
 0.094912 0.081389 0.013955 0.809744
 0.121885 0.000469 0.809708 0.067938
 0.000504 0.985036 0.000469 0.013991
 0.027478 0.944576 0.000469 0.027478
 0.027478 0.000469 0.013955 0.958098
 0.000504 0.944576 0.000469 0.054451
 0.000504 0.782735 0.000469 0.216293
 0.027478 0.634380 0.094876 0.243266
 0.513032 0.081389 0.405074 0.000504
 0.728823 0.121849 0.108363 0.040965

MOTIF 18-RCTGAGCCATCTCTCCAGC STREME-18
letter-probability matrix: alength= 4 w= 19 nsites= 51 E= 4.7e-001
 0.592247 0.001081 0.343289 0.063383
 0.063383 0.872154 0.032190 0.032273
 0.032273 0.001081 0.032190 0.934456
 0.032273 0.001081 0.965483 0.001163
 0.903346 0.032190 0.032190 0.032273
 0.032273 0.001081 0.965483 0.001163
 0.001163 0.996593 0.001081 0.001163
 0.032273 0.903264 0.001081 0.063383
 0.934456 0.001081 0.032190 0.032273
 0.063383 0.001081 0.001081 0.934456
 0.001163 0.965483 0.032190 0.001163
 0.032273 0.063300 0.001081 0.903346
 0.001163 0.809935 0.001081 0.187821
 0.125602 0.187739 0.094410 0.592250
 0.032273 0.934373 0.001081 0.032273
 0.094492 0.716606 0.001081 0.187821
 0.903346 0.001081 0.063300 0.032273
 0.032273 0.063300 0.841044 0.063383
 0.063383 0.716606 0.001081 0.218931

MOTIF 19-AGAAGCCA STREME-19
letter-probability matrix: alength= 4 w= 8 nsites= 1267 E= 4.9e-001
 0.997888 0.000687 0.000687 0.000739
 0.000739 0.192564 0.708493 0.098205
 0.997888 0.000687 0.000687 0.000739
 0.955333 0.043242 0.000687 0.000739
 0.148941 0.000687 0.849633 0.000739
 0.000739 0.839874 0.000687 0.158701
 0.083666 0.914908 0.000687 0.000739
 0.997888 0.000687 0.000687 0.000739

MOTIF 20-TGAVBTCA STREME-20
letter-probability matrix: alength= 4 w= 8 nsites= 1890 E= 8.7e-001
 0.000273 0.085379 0.000254 0.914093
 0.000273 0.006692 0.977609 0.015425
 0.995010 0.000254 0.000254 0.004482
 0.234192 0.401595 0.203448 0.160766
 0.160766 0.203448 0.401595 0.234192
 0.004482 0.000254 0.000254 0.995010
 0.015425 0.977609 0.006692 0.000273
 0.914093 0.000254 0.085379 0.000273

MOTIF 21-GAGTTCCAGGA STREME-21
letter-probability matrix: alength= 4 w= 11 nsites= 63 E= 9.4e-001
 0.000752 0.000699 0.877069 0.121479
 0.977729 0.020819 0.000699 0.000752
 0.000752 0.000699 0.997796 0.000752
 0.000752 0.000699 0.000699 0.997850
 0.000752 0.000699 0.000699 0.997850
 0.061115 0.937434 0.000699 0.000752
 0.000752 0.997796 0.000699 0.000752
 0.977729 0.020819 0.000699 0.000752
 0.101359 0.061060 0.836828 0.000752
 0.000752 0.000699 0.997796 0.000752
 0.917365 0.000699 0.000699 0.081237

MOTIF 22-CCWCCWCCWCCTC STREME-22
letter-probability matrix: alength= 4 w= 13 nsites= 76 E= 9.4e-001
 0.000655 0.998081 0.000609 0.000655
 0.000655 0.980565 0.018125 0.000655
 0.401884 0.093896 0.088192 0.416029
 0.018172 0.980565 0.000609 0.000655
 0.098883 0.899854 0.000609 0.000655
 0.275891 0.186421 0.035642 0.502046
 0.000655 0.998081 0.000609 0.000655
 0.000655 0.998081 0.000609 0.000655
 0.408757 0.000609 0.000609 0.590025
 0.000655 0.998081 0.000609 0.000655
 0.000655 0.998081 0.000609 0.000655
 0.258374 0.018125 0.035642 0.687859
 0.000655 0.998081 0.000609 0.000655

MOTIF 23-CTGCTGCTGCTGCTGCYGYK STREME-23
letter-probability matrix: alength= 4 w= 20 nsites= 44 E= 9.4e-001
 0.000980 0.866049 0.053343 0.079628
 0.027196 0.263071 0.053343 0.656390
 0.000980 0.027127 0.970913 0.000980
 0.000980 0.997129 0.000911 0.000980
 0.027196 0.105775 0.000911 0.866118
 0.079628 0.000911 0.918481 0.000980
 0.000980 0.787401 0.000911 0.210708
 0.000980 0.236855 0.000911 0.761254
 0.027196 0.000911 0.970913 0.000980
 0.053412 0.892265 0.027127 0.027196
 0.105844 0.236855 0.000911 0.656390
 0.000980 0.000911 0.997129 0.000980
 0.000980 0.944697 0.000911 0.053412
 0.000980 0.289287 0.000911 0.708822
 0.000980 0.158207 0.839833 0.000980
 0.027196 0.866049 0.105775 0.000980
 0.132060 0.263071 0.105775 0.499094
 0.132060 0.053343 0.734969 0.079628
 0.105844 0.446592 0.131991 0.315572
 0.000980 0.210639 0.446583 0.341798

MOTIF 24-TACCCA STREME-24
letter-probability matrix: alength= 4 w= 6 nsites= 1245 E= 1.1e+000
 0.023564 0.021891 0.021891 0.932655
 0.932655 0.021891 0.021891 0.023564
 0.023564 0.930982 0.021891 0.023564
 0.023564 0.930982 0.021891 0.023564
 0.023564 0.930982 0.021891 0.023564
 0.932655 0.021891 0.021891 0.023564

MOTIF 25-CTCTGC STREME-25
letter-probability matrix: alength= 4 w= 6 nsites= 2907 E= 1.1e+000
 0.023564 0.930982 0.021891 0.023564
 0.023564 0.021891 0.021891 0.932655
 0.023564 0.930982 0.021891 0.023564
 0.023564 0.021891 0.021891 0.932655
 0.023564 0.021891 0.930982 0.023564
 0.023564 0.930982 0.021891 0.023564

MOTIF 26-CCCGAGGC STREME-26
letter-probability matrix: alength= 4 w= 8 nsites= 166 E= 1.1e+000
 0.001558 0.995435 0.001448 0.001558
 0.001558 0.962137 0.034747 0.001558
 0.001558 0.995435 0.001448 0.001558
 0.001558 0.001448 0.995435 0.001558
 0.798725 0.198268 0.001448 0.001558
 0.001558 0.043123 0.854809 0.100509
 0.001558 0.001448 0.848613 0.148381
 0.001558 0.995435 0.001448 0.001558

MOTIF 27-TTTAAAATA STREME-27
letter-probability matrix: alength= 4 w= 9 nsites= 942 E= 1.3e+000
 0.151854 0.039071 0.031196 0.777879
 0.075881 0.017767 0.010139 0.896213
 0.163157 0.001838 0.021949 0.813057
 0.892326 0.043616 0.063708 0.000351
 0.848144 0.046487 0.029861 0.075509
 0.942743 0.011334 0.002584 0.043339
 0.917128 0.052408 0.028036 0.002428
 0.076881 0.031851 0.004827 0.886441
 0.923994 0.008972 0.050159 0.016875

MOTIF 28-GTGGKTGCTGGGAWT STREME-28
letter-probability matrix: alength= 4 w= 15 nsites= 63 E= 1.9e+000
 0.118985 0.000587 0.862888 0.017540
 0.000632 0.034402 0.051310 0.913655
 0.034447 0.000587 0.964333 0.000632
 0.000632 0.000587 0.998148 0.000632
 0.135892 0.017495 0.389463 0.457150
 0.000632 0.000587 0.017495 0.981285
 0.000632 0.034402 0.964333 0.000632
 0.085170 0.812165 0.017495 0.085170
 0.017540 0.017495 0.034402 0.930563
 0.102077 0.000587 0.845980 0.051355
 0.220430 0.000587 0.761443 0.017540
 0.068262 0.000587 0.913610 0.017540
 0.879840 0.017495 0.102033 0.000632
 0.575491 0.085125 0.000587 0.338797
 0.000632 0.254202 0.034402 0.710763

MOTIF 29-AGTSACT STREME-29
letter-probability matrix: alength= 4 w= 7 nsites= 3747 E= 2.1e+000
 0.580024 0.061003 0.208942 0.150031
 0.149569 0.000323 0.849761 0.000348
 0.000348 0.003941 0.000323 0.995388
 0.102975 0.397025 0.397025 0.102975
 0.995388 0.000323 0.003941 0.000348
 0.000348 0.849761 0.000323 0.149569
 0.150031 0.208942 0.061003 0.580024

MOTIF 30-RRTGASTCAYY STREME-30
letter-probability matrix: alength= 4 w= 11 nsites= 1134 E= 2.1e+000
 0.487723 0.097313 0.343030 0.071935
 0.459341 0.050558 0.435668 0.054432
 0.000067 0.004024 0.000062 0.995847
 0.059829 0.071766 0.678419 0.189986
 0.990988 0.008883 0.000062 0.000067
 0.154605 0.345395 0.345395 0.154605
 0.000067 0.000062 0.008883 0.990988
 0.189986 0.678419 0.071766 0.059829
 0.995847 0.000062 0.004024 0.000067
 0.054432 0.435668 0.050558 0.459341
 0.071935 0.343030 0.097313 0.487723

********************************************************************************
Stopped because 3 consecutive motifs exceeded the p-value threshold (0.05).
********************************************************************************
COMMAND:	streme --verbosity 1 --oc /ocean/projects/bio230007p/sujathab/Motif_analysis/output/meme_chip_human_enhancer/streme_out -dna --p /ocean/projects/bio230007p/sujathab/Motif_analysis/output/meme_chip_human_enhancer/seqs-centered --minw 6 --maxw 20 --order 2
********************************************************************************
CPU:		r025.ib.bridges2.psc.edu
********************************************************************************
FINALTIME:	3668.03 seconds
********************************************************************************
